1992-04-08 00:00:00	34	2
-10.0	0.09
-20.0	0.17
-30.0	1.14
-40.0	1.55
-50.0	1.89
-60.0	1.97
-70.0	2.34
-80.0	3.04
-90.0	3.9
-100.0	5.19
-120.0	6.21
-140.0	6.89
-160.0	8.27
-180.0	8.21
-200.0	7.9
-250.0	7.77
-300.0	7.72
-350.0	7.58
-400.0	7.76
-450.0	7.55
-500.0	7.76
-600.0	7.34
-900.0	7.94
-1000.0	8.1
-1100.0	7.95
-1200.0	7.93
-1300.0	8.04
-1400.0	8.28
-1500.0	8.13
-1600.0	8.2
-1700.0	8.13
-1800.0	8.1
-1900.0	8.05
-2000.0	8.05
2005-08-02 00:00:00	19	2
-10.0	0.06
-30.0	0.62
-40.0	1.76
-50.0	3.72
-70.0	4.99
-90.0	5.88
-130.0	6.52
-150.0	6.1
-200.0	4.92
-300.0	7.17
-400.0	7.17
-500.0	5.55
-600.0	5.15
-700.0	6.28
-800.0	5.47
-1000.0	6.28
-1250.0	6.0
-1500.0	7.13
-2000.0	6.0
1991-12-03 00:00:00	35	2
-10.0	0.46
-20.0	0.54
-30.0	0.48
-40.0	0.46
-50.0	0.51
-60.0	0.57
-70.0	0.44
-80.0	2.79
-90.0	3.99
-100.0	4.54
-120.0	5.67
-140.0	7.0
-160.0	6.96
-180.0	7.37
-200.0	7.42
-250.0	7.67
-300.0	7.54
-350.0	7.86
-400.0	7.77
-450.0	8.16
-500.0	8.25
-600.0	8.51
-800.0	8.32
-900.0	7.83
-1000.0	8.48
-1100.0	8.53
-1200.0	8.46
-1300.0	8.31
-1400.0	8.28
-1500.0	8.24
-1600.0	8.07
-1700.0	8.11
-1800.0	7.96
-1900.0	7.62
-2000.0	7.96
1997-07-12 00:00:00	18	2
-40.0	0.1
-50.0	2.55
-70.0	5.74
-90.0	6.78
-110.0	6.17
-130.0	6.81
-150.0	7.52
-200.0	7.45
-300.0	8.73
-400.0	9.02
-500.0	8.3
-600.0	8.3
-700.0	8.27
-800.0	8.09
-1000.0	8.23
-1250.0	8.3
-1500.0	8.23
-2000.0	8.16
2002-10-14 00:00:00	22	2
-5.0	0.88
-10.0	0.01
-20.0	0.88
-30.0	0.81
-40.0	0.54
-50.0	3.76
-70.0	7.1
-90.0	6.85
-110.0	7.86
-130.0	8.75
-150.0	8.95
-200.0	9.22
-300.0	8.48
-400.0	8.55
-500.0	9.48
-600.0	9.22
-700.0	8.28
-800.0	8.68
-1000.0	8.35
-1250.0	7.75
-1500.0	8.62
-2000.0	8.35
1997-11-18 00:00:00	17	2
-20.0	0.08
-40.0	0.1
-50.0	0.41
-70.0	1.87
-90.0	4.38
-110.0	4.98
-130.0	4.92
-150.0	5.69
-200.0	7.36
-300.0	7.31
-400.0	7.71
-500.0	7.51
-600.0	7.44
-700.0	7.31
-800.0	7.25
-1000.0	7.36
-2000.0	8.1
2005-03-29 00:00:00	22	2
-5.0	0.53
-10.0	0.47
-20.0	2.07
-30.0	1.8
-40.0	0.93
-50.0	1.21
-70.0	1.76
-90.0	2.31
-110.0	2.28
-130.0	2.96
-150.0	4.35
-200.0	4.71
-300.0	6.59
-400.0	6.49
-500.0	7.42
-600.0	7.71
-700.0	7.49
-800.0	7.86
-1000.0	8.2
-1250.0	8.34
-1500.0	8.2
-2000.0	8.48
1998-12-08 00:00:00	21	2
-5.0	2.6
-10.0	2.53
-20.0	2.53
-30.0	1.95
-40.0	2.16
-50.0	2.39
-70.0	2.69
-90.0	2.68
-110.0	2.54
-130.0	2.25
-150.0	2.62
-200.0	3.52
-400.0	5.18
-500.0	4.5
-600.0	6.74
-700.0	7.12
-800.0	5.12
-1000.0	5.7
-1250.0	5.33
-1500.0	5.48
-2000.0	4.92
1994-01-12 00:00:00	22	2
-5.0	3.18
-10.0	3.16
-20.0	3.19
-30.0	3.34
-40.0	3.24
-50.0	3.45
-70.0	4.07
-90.0	5.41
-110.0	6.12
-130.0	7.05
-150.0	5.92
-200.0	6.48
-300.0	7.75
-400.0	7.72
-500.0	7.96
-600.0	8.23
-700.0	5.33
-800.0	5.83
-1000.0	6.36
-1250.0	7.41
-1500.0	6.24
-2000.0	6.24
1994-09-25 00:00:00	18	2
-40.0	0.02
-50.0	2.03
-70.0	6.73
-90.0	7.45
-110.0	7.58
-130.0	7.83
-150.0	8.16
-200.0	8.48
-300.0	8.87
-400.0	8.8
-500.0	8.61
-600.0	8.35
-700.0	8.35
-800.0	8.48
-1000.0	8.54
-1250.0	8.54
-1500.0	8.54
-2000.0	8.22
1995-06-08 00:00:00	21	2
-10.0	0.03
-20.0	0.15
-30.0	2.2
-40.0	4.34
-50.0	6.68
-70.0	7.75
-90.0	8.07
-110.0	8.14
-130.0	8.23
-150.0	8.32
-200.0	8.48
-300.0	8.97
-400.0	8.9
-500.0	8.46
-600.0	7.54
-700.0	8.73
-800.0	8.66
-1000.0	8.63
-1250.0	8.67
-1500.0	8.52
-2000.0	8.58
2001-05-23 00:00:00	19	2
-30.0	0.06
-40.0	0.65
-50.0	0.93
-70.0	2.91
-90.0	3.59
-110.0	3.99
-130.0	4.25
-150.0	2.86
-200.0	5.0
-300.0	8.34
-400.0	8.26
-500.0	7.6
-600.0	7.51
-700.0	6.85
-800.0	7.62
-1000.0	7.45
-1250.0	7.78
-1500.0	7.59
-2000.0	7.61
2001-09-30 00:00:00	19	2
-20.0	0.08
-30.0	0.62
-40.0	1.59
-50.0	4.51
-90.0	8.08
-110.0	8.7
-130.0	8.9
-150.0	8.66
-200.0	9.63
-300.0	9.44
-400.0	9.71
-500.0	9.87
-600.0	8.94
-700.0	8.7
-800.0	8.82
-1000.0	8.86
-1250.0	9.01
-1500.0	9.01
-2000.0	9.09
2004-11-25 00:00:00	17	2
-40.0	1.52
-50.0	1.03
-70.0	4.99
-110.0	4.91
-130.0	5.89
-150.0	6.64
-200.0	5.1
-300.0	7.37
-400.0	7.7
-500.0	7.97
-600.0	7.7
-700.0	7.57
-800.0	7.5
-1000.0	6.38
-1250.0	7.56
-1500.0	5.72
-2000.0	5.87
1999-08-26 00:00:00	18	2
-40.0	0.96
-50.0	2.89
-70.0	3.95
-90.0	4.89
-110.0	5.64
-130.0	5.96
-150.0	6.85
-200.0	7.3
-300.0	7.95
-400.0	8.2
-500.0	8.53
-600.0	8.2
-700.0	8.15
-800.0	7.7
-1000.0	7.0
-1250.0	8.15
-1500.0	8.3
-2000.0	7.0
2007-05-14 00:00:00	19	2
-30.0	2.26
-40.0	5.04
-50.0	7.19
-70.0	6.1
-90.0	6.55
-110.0	6.9
-130.0	6.85
-150.0	6.72
-200.0	7.86
-300.0	8.9
-400.0	9.39
-500.0	9.12
-600.0	8.93
-700.0	9.09
-800.0	9.45
-1000.0	9.22
-1250.0	8.76
-1500.0	9.14
-2000.0	9.09
2005-12-19 00:00:00	20	2
-5.0	4.11
-10.0	4.09
-20.0	4.4
-40.0	4.31
-50.0	4.34
-70.0	4.96
-90.0	5.51
-110.0	5.02
-130.0	4.91
-150.0	4.99
-200.0	6.35
-300.0	6.44
-400.0	7.94
-500.0	8.01
-600.0	8.0
-700.0	7.93
-800.0	7.9
-1250.0	8.16
-1500.0	8.18
-2000.0	8.04
1995-02-10 00:00:00	16	2
-5.0	2.68
-10.0	2.38
-20.0	2.37
-30.0	2.53
-40.0	2.27
-50.0	3.41
-70.0	6.71
-90.0	6.93
-110.0	7.93
-130.0	7.16
-150.0	7.58
-200.0	7.05
-300.0	7.38
-400.0	8.24
-500.0	7.95
-600.0	7.79
2003-07-10 00:00:00	17	2
-30.0	0.1
-40.0	1.64
-50.0	3.47
-70.0	6.1
-90.0	7.05
-110.0	7.2
-130.0	7.65
-150.0	7.65
-200.0	8.03
-300.0	8.99
-400.0	8.99
-500.0	8.86
-600.0	8.35
-700.0	8.48
-800.0	8.35
-1000.0	7.76
-1250.0	8.48
2004-07-28 00:00:00	12	2
-5.0	0.23
-20.0	0.87
-40.0	1.87
-50.0	4.97
-70.0	7.34
-110.0	7.68
-300.0	7.55
-500.0	7.89
-600.0	6.65
-800.0	6.79
-1500.0	8.09
-2000.0	8.23
1996-03-01 00:00:00	22	2
-5.0	1.87
-10.0	2.13
-20.0	2.12
-30.0	2.32
-40.0	2.72
-50.0	3.33
-70.0	3.94
-90.0	5.5
-110.0	5.05
-130.0	6.39
-150.0	6.46
-200.0	7.88
-300.0	8.26
-400.0	7.16
-500.0	7.32
-600.0	7.01
-700.0	7.04
-800.0	7.29
-1000.0	7.03
-1250.0	6.89
-1500.0	7.16
-2000.0	6.75
2000-01-09 00:00:00	20	2
-5.0	0.01
-10.0	0.02
-40.0	0.09
-50.0	4.53
-70.0	6.67
-90.0	6.58
-110.0	6.85
-130.0	7.4
-150.0	7.92
-200.0	7.7
-300.0	7.5
-400.0	7.37
-500.0	7.95
-600.0	7.74
-700.0	7.13
-800.0	6.76
-1000.0	6.34
-1250.0	6.86
-1500.0	6.38
-2000.0	6.52
1994-06-02 00:00:00	20	2
-5.0	0.01
-20.0	0.05
-40.0	1.71
-50.0	4.19
-70.0	5.49
-90.0	6.61
-110.0	6.92
-130.0	6.64
-150.0	5.52
-200.0	7.15
-300.0	7.04
-400.0	6.96
-500.0	7.11
-600.0	8.0
-700.0	6.6
-800.0	8.05
-1000.0	6.83
-1250.0	7.58
-1500.0	7.94
-2000.0	7.73
1997-03-22 00:00:00	12	2
-5.0	0.04
-10.0	0.03
-20.0	0.12
-30.0	0.83
-40.0	2.58
-50.0	3.36
-70.0	4.84
-90.0	5.46
-110.0	6.87
-130.0	7.61
-150.0	8.11
-200.0	8.09
1996-07-10 00:00:00	9	2
-5.0	0.12
-40.0	0.08
-50.0	2.16
-70.0	3.64
-90.0	3.85
-110.0	4.43
-130.0	5.27
-150.0	4.89
-200.0	5.15
1997-12-04 00:00:00	17	2
-40.0	0.08
-50.0	0.32
-70.0	1.99
-90.0	3.43
-110.0	3.67
-130.0	5.07
-150.0	5.28
-200.0	3.88
-300.0	7.59
-400.0	7.66
-500.0	7.18
-600.0	7.05
-700.0	7.2
-800.0	7.4
-1250.0	7.47
-1500.0	7.54
-2000.0	7.54
2000-09-23 00:00:00	19	2
-30.0	1.38
-40.0	5.57
-50.0	5.57
-70.0	6.18
-90.0	6.27
-110.0	5.85
-130.0	6.76
-150.0	6.72
-200.0	6.99
-300.0	7.18
-400.0	8.01
-500.0	7.48
-600.0	7.22
-700.0	7.41
-800.0	7.71
-1000.0	7.1
-1250.0	7.03
-1500.0	7.25
-2000.0	6.88
2002-06-25 00:00:00	9	2
-10.0	0.37
-40.0	0.13
-50.0	2.69
-70.0	5.62
-90.0	6.03
-110.0	6.38
-130.0	6.62
-150.0	5.38
-200.0	4.97
1998-08-18 00:00:00	20	2
-5.0	0.03
-30.0	0.08
-40.0	0.5
-50.0	1.76
-70.0	5.1
-90.0	5.33
-110.0	5.55
-130.0	6.56
-150.0	6.31
-200.0	6.49
-300.0	7.12
-400.0	8.31
-500.0	7.88
-600.0	7.13
-700.0	7.64
-800.0	6.58
-1000.0	7.53
-1250.0	7.11
-1500.0	6.5
-2000.0	8.67
1999-09-09 00:00:00	18	2
-40.0	0.27
-50.0	0.45
-70.0	4.03
-90.0	5.1
-110.0	5.53
-130.0	5.66
-150.0	6.51
-200.0	6.61
-300.0	7.5
-400.0	7.36
-500.0	7.41
-600.0	7.27
-700.0	6.99
-800.0	6.94
-1000.0	7.32
-1250.0	7.08
-1500.0	7.46
-2000.0	7.22
2004-03-31 00:00:00	22	2
-5.0	3.14
-10.0	3.35
-20.0	3.23
-30.0	3.51
-40.0	3.86
-50.0	3.38
-70.0	3.81
-90.0	3.38
-110.0	4.01
-130.0	3.87
-150.0	3.63
-200.0	4.47
-300.0	5.04
-400.0	7.35
-500.0	7.13
-600.0	6.97
-700.0	6.31
-800.0	6.33
-1000.0	7.63
-1250.0	5.75
-1500.0	6.74
-2000.0	6.33
1994-02-01 00:00:00	22	2
-5.0	3.83
-10.0	3.88
-20.0	4.02
-30.0	3.89
-40.0	4.71
-50.0	5.85
-70.0	6.42
-90.0	5.55
-110.0	6.32
-130.0	5.88
-150.0	5.77
-200.0	5.25
-300.0	6.83
-400.0	7.53
-500.0	8.38
-600.0	8.1
-700.0	7.59
-800.0	7.45
-1000.0	8.11
-1250.0	7.76
-1500.0	7.46
-2000.0	7.2
1994-10-15 00:00:00	19	2
-30.0	1.41
-40.0	4.55
-50.0	6.88
-70.0	6.92
-90.0	6.92
-110.0	7.66
-130.0	8.19
-150.0	8.16
-200.0	7.96
-300.0	7.73
-400.0	8.06
-500.0	7.66
-600.0	7.66
-700.0	8.38
-800.0	7.29
-1000.0	8.06
-1250.0	7.83
-1500.0	8.05
-2000.0	7.86
2003-03-14 00:00:00	10	2
-20.0	0.16
-30.0	0.12
-40.0	3.25
-50.0	1.4
-70.0	1.58
-90.0	2.09
-110.0	5.4
-130.0	5.03
-150.0	3.76
-200.0	6.75
1993-01-14 00:00:00	18	2
-5.0	0.8
-10.0	0.83
-20.0	1.46
-30.0	3.02
-40.0	3.06
-50.0	4.59
-70.0	4.57
-90.0	2.77
-110.0	3.36
-130.0	3.92
-150.0	6.77
-200.0	7.56
-300.0	7.88
-500.0	6.0
-600.0	8.3
-800.0	8.44
-1500.0	8.46
-2000.0	8.15
2000-05-25 00:00:00	18	2
-40.0	0.54
-50.0	2.84
-70.0	4.83
-90.0	6.13
-110.0	5.3
-130.0	7.43
-150.0	6.29
-200.0	5.88
-300.0	6.73
-400.0	6.74
-500.0	6.82
-600.0	7.11
-700.0	7.4
-800.0	7.67
-1000.0	8.24
-1250.0	8.38
-1500.0	8.34
-2000.0	8.32
2004-12-14 00:00:00	16	2
-30.0	0.92
-90.0	3.66
-110.0	4.01
-130.0	4.34
-150.0	3.82
-200.0	6.43
-300.0	5.82
-400.0	6.08
-500.0	8.43
-600.0	6.33
-700.0	4.66
-800.0	6.02
-1000.0	5.32
-1250.0	5.94
-1500.0	5.69
-2000.0	6.23
2006-05-11 00:00:00	11	2
-50.0	4.66
-110.0	8.32
-200.0	8.41
-300.0	7.62
-500.0	8.26
-700.0	8.48
-800.0	8.43
-1000.0	8.18
-1250.0	8.14
-1500.0	8.44
-2000.0	8.38
2007-01-22 00:00:00	21	2
-5.0	1.23
-10.0	1.11
-20.0	1.57
-30.0	3.85
-40.0	7.04
-50.0	7.72
-70.0	8.07
-90.0	8.29
-110.0	8.57
-150.0	8.8
-200.0	8.71
-300.0	8.58
-400.0	8.45
-500.0	8.43
-600.0	8.37
-700.0	8.55
-800.0	8.6
-1000.0	8.39
-1250.0	8.3
-1500.0	8.27
-2000.0	8.29
2007-05-31 00:00:00	22	2
-5.0	0.52
-10.0	0.65
-20.0	5.06
-30.0	6.65
-40.0	5.3
-50.0	6.84
-70.0	6.79
-90.0	7.57
-110.0	7.85
-130.0	8.21
-150.0	8.08
-200.0	8.15
-300.0	8.56
-400.0	8.86
-500.0	9.11
-600.0	8.97
-700.0	8.95
-800.0	8.87
-1000.0	8.81
-1250.0	9.01
-1500.0	8.67
-2000.0	8.61
1993-05-25 00:00:00	17	2
-50.0	2.68
-70.0	5.6
-90.0	6.3
-110.0	6.63
-130.0	6.98
-150.0	7.17
-200.0	7.73
-300.0	7.95
-400.0	8.33
-500.0	8.38
-600.0	8.28
-700.0	8.23
-800.0	8.23
-1000.0	8.31
-1250.0	8.31
-1500.0	8.23
-2000.0	8.02
2003-11-30 00:00:00	21	2
-5.0	2.25
-10.0	1.75
-30.0	0.17
-40.0	0.25
-50.0	0.73
-70.0	2.25
-90.0	3.59
-110.0	4.96
-130.0	4.46
-150.0	6.31
-200.0	5.44
-300.0	7.02
-400.0	7.02
-500.0	6.88
-600.0	5.81
-700.0	6.02
-800.0	6.59
-1000.0	6.31
-1250.0	6.45
-1500.0	7.01
-2000.0	6.6
2005-04-25 00:00:00	6	2
-70.0	1.82
-90.0	2.43
-110.0	3.96
-130.0	4.29
-150.0	4.52
-200.0	5.0
1998-04-25 00:00:00	19	2
-20.0	0.32
-30.0	0.91
-40.0	4.58
-50.0	5.91
-70.0	6.64
-90.0	7.12
-110.0	7.86
-130.0	5.33
-150.0	8.17
-200.0	9.83
-300.0	7.19
-400.0	7.48
-500.0	8.6
-600.0	8.38
-700.0	6.12
-800.0	5.26
-1000.0	8.35
-1250.0	6.16
-1500.0	8.52
1995-07-07 00:00:00	11	2
-5.0	0.09
-10.0	0.01
-20.0	0.01
-30.0	0.01
-50.0	1.2
-70.0	7.37
-90.0	7.67
-110.0	7.91
-130.0	7.75
-150.0	7.86
-200.0	8.17
1998-09-01 00:00:00	12	2
-5.0	0.18
-10.0	0.19
-20.0	0.16
-30.0	0.2
-40.0	0.35
-50.0	1.17
-70.0	4.29
-90.0	6.53
-110.0	4.57
-130.0	5.29
-150.0	6.21
-200.0	6.49
1999-05-15 00:00:00	19	2
-20.0	0.02
-30.0	0.61
-40.0	1.54
-50.0	2.82
-70.0	4.47
-90.0	5.91
-110.0	6.78
-130.0	7.0
-150.0	7.66
-200.0	7.81
-300.0	8.19
-400.0	8.21
-500.0	8.3
-600.0	8.1
-800.0	8.12
-1000.0	8.24
-1250.0	8.32
-1500.0	8.32
-2000.0	8.25
1995-11-15 00:00:00	10	2
-10.0	0.03
-20.0	0.01
-40.0	0.25
-50.0	3.04
-70.0	5.67
-90.0	5.73
-110.0	6.21
-130.0	6.77
-150.0	7.08
-200.0	7.68
1996-12-03 00:00:00	21	2
-5.0	0.72
-10.0	0.7
-20.0	0.95
-30.0	1.29
-40.0	1.3
-50.0	1.63
-70.0	1.7
-90.0	2.9
-110.0	5.09
-130.0	5.17
-150.0	7.34
-200.0	6.7
-300.0	8.25
-400.0	7.44
-500.0	6.61
-600.0	0.76
-700.0	6.81
-800.0	7.32
-1000.0	7.52
-1250.0	7.39
-1500.0	7.23
2003-08-01 00:00:00	17	2
-50.0	0.16
-70.0	3.37
-90.0	5.53
-110.0	5.2
-130.0	5.53
-150.0	5.0
-200.0	6.52
-300.0	6.0
-400.0	6.13
-500.0	6.39
-600.0	5.58
-700.0	6.06
-800.0	6.66
-1000.0	7.11
-1250.0	6.59
-1500.0	6.45
-2000.0	6.72
2000-01-30 00:00:00	22	2
-5.0	6.19
-10.0	6.27
-20.0	6.46
-30.0	6.54
-40.0	6.36
-50.0	7.07
-70.0	7.36
-90.0	7.66
-110.0	8.72
-130.0	8.07
-150.0	8.02
-200.0	7.79
-300.0	8.47
-400.0	7.99
-500.0	8.27
-600.0	7.69
-700.0	8.01
-800.0	7.8
-1000.0	8.05
-1250.0	8.0
-1500.0	8.36
-2000.0	8.03
2001-10-31 00:00:00	21	2
-5.0	0.09
-10.0	0.09
-20.0	0.38
-30.0	0.47
-40.0	1.84
-50.0	3.03
-70.0	4.48
-90.0	6.11
-110.0	7.43
-130.0	7.77
-150.0	8.2
-200.0	8.11
-300.0	8.37
-400.0	8.8
-500.0	8.28
-600.0	7.77
-700.0	7.86
-1000.0	7.77
-1250.0	7.43
-1500.0	7.86
-2000.0	7.09
1992-09-21 00:00:00	31	2
-10.0	0.66
-20.0	0.49
-30.0	1.34
-40.0	1.24
-50.0	1.97
-60.0	4.25
-70.0	5.03
-80.0	7.27
-90.0	6.36
-100.0	7.72
-140.0	8.43
-160.0	8.13
-180.0	8.56
-200.0	8.27
-250.0	5.78
-300.0	8.82
-350.0	6.75
-450.0	7.67
-500.0	7.0
-600.0	6.74
-800.0	7.96
-900.0	6.16
-1000.0	8.0
-1100.0	8.13
-1300.0	7.16
-1400.0	7.48
-1500.0	4.57
-1600.0	5.42
-1800.0	7.0
-1900.0	5.54
-2000.0	6.02
1991-09-05 00:00:00	25	2
-70.0	0.46
-80.0	3.04
-90.0	4.87
-100.0	5.35
-140.0	5.18
-160.0	6.42
-200.0	6.17
-250.0	7.3
-300.0	7.07
-350.0	6.92
-400.0	7.44
-500.0	6.41
-600.0	7.44
-700.0	7.74
-800.0	7.41
-1000.0	8.06
-1100.0	7.87
-1200.0	7.87
-1300.0	7.97
-1400.0	7.74
-1500.0	7.68
-1600.0	8.04
-1700.0	8.14
-1800.0	7.86
-2000.0	8.17
2001-02-20 00:00:00	22	2
-5.0	2.02
-10.0	1.89
-20.0	1.99
-30.0	2.09
-40.0	2.04
-50.0	2.15
-70.0	2.42
-90.0	2.38
-110.0	2.74
-130.0	5.81
-150.0	6.21
-200.0	6.49
-300.0	7.67
-400.0	7.64
-500.0	7.59
-600.0	7.47
-700.0	7.72
-800.0	7.48
-1000.0	7.37
-1250.0	7.63
-1500.0	7.36
-2000.0	7.57
1995-03-09 00:00:00	12	2
-5.0	3.5
-10.0	3.5
-20.0	3.75
-30.0	3.98
-40.0	4.02
-50.0	4.66
-70.0	7.03
-90.0	7.13
-110.0	7.3
-130.0	6.97
-150.0	7.36
-200.0	8.12
1997-04-15 00:00:00	19	2
-30.0	0.67
-40.0	1.99
-50.0	2.55
-70.0	5.31
-90.0	6.36
-110.0	7.23
-130.0	7.65
-150.0	7.9
-200.0	7.95
-300.0	7.13
-400.0	6.16
-500.0	6.06
-600.0	6.73
-700.0	6.44
-800.0	8.15
-1000.0	6.88
-1250.0	7.27
-1500.0	7.55
-2000.0	7.47
2001-06-29 00:00:00	18	2
-40.0	2.64
-50.0	4.74
-70.0	4.75
-90.0	4.2
-110.0	5.93
-130.0	6.59
-150.0	6.62
-200.0	6.14
-300.0	8.94
-400.0	8.07
-500.0	8.68
-600.0	8.43
-700.0	8.36
-800.0	8.45
-1000.0	7.75
-1250.0	8.01
-1500.0	8.27
-2000.0	8.16
2000-10-17 00:00:00	18	2
-40.0	0.63
-50.0	1.75
-70.0	5.72
-90.0	6.75
-110.0	6.54
-130.0	7.53
-150.0	7.25
-200.0	6.04
-300.0	7.91
-400.0	6.46
-500.0	7.91
-600.0	7.76
-700.0	7.55
-800.0	7.55
-1000.0	7.64
-1250.0	6.33
-1500.0	7.91
-2000.0	5.92
2002-07-19 00:00:00	8	2
-40.0	1.05
-50.0	3.24
-70.0	4.94
-90.0	4.71
-110.0	6.41
-130.0	6.96
-150.0	6.83
-200.0	8.15
1992-05-21 00:00:00	23	2
-10.0	0.04
-20.0	0.02
-30.0	0.06
-40.0	0.03
-60.0	0.03
-70.0	2.42
-80.0	4.83
-90.0	4.99
-100.0	5.88
-120.0	6.01
-140.0	6.37
-160.0	6.52
-900.0	7.74
-1000.0	7.74
-1100.0	7.74
-1200.0	7.85
-1300.0	7.86
-1400.0	7.89
-1500.0	7.92
-1600.0	8.02
-1700.0	8.05
-1800.0	8.04
-1900.0	8.07
1998-05-06 00:00:00	20	2
-10.0	0.1
-30.0	0.26
-40.0	0.95
-50.0	1.93
-70.0	4.37
-90.0	4.02
-110.0	4.74
-130.0	6.01
-150.0	6.16
-200.0	6.02
-300.0	5.51
-400.0	5.55
-500.0	7.47
-600.0	6.22
-700.0	4.61
-800.0	5.8
-1000.0	5.62
-1250.0	5.69
-1500.0	6.4
-2000.0	5.85
2000-06-12 00:00:00	17	2
-50.0	1.18
-70.0	5.89
-90.0	6.68
-110.0	7.4
-130.0	7.02
-150.0	7.13
-200.0	7.66
-300.0	8.42
-400.0	7.44
-500.0	8.38
-600.0	8.19
-700.0	7.78
-800.0	7.4
-1000.0	6.68
-1250.0	7.93
-1500.0	8.42
-2000.0	8.12
2002-11-25 00:00:00	18	2
-40.0	0.31
-50.0	1.97
-70.0	3.69
-90.0	4.61
-110.0	5.53
-130.0	4.86
-150.0	5.29
-200.0	6.53
-300.0	7.43
-400.0	7.61
-500.0	7.78
-600.0	7.13
-700.0	8.14
-800.0	8.0
-1000.0	6.3
-1250.0	7.7
-1500.0	7.06
-2000.0	5.92
1993-02-03 00:00:00	10	2
-300.0	8.33
-400.0	8.35
-500.0	8.07
-600.0	8.09
-700.0	8.22
-800.0	9.01
-1000.0	8.44
-1250.0	8.48
-1500.0	8.33
-2000.0	8.11
2006-10-06 00:00:00	19	2
-20.0	0.09
-30.0	2.31
-40.0	5.86
-45.0	6.64
-70.0	7.42
-90.0	7.52
-110.0	7.72
-130.0	7.45
-150.0	7.52
-200.0	7.81
-300.0	7.73
-400.0	8.01
-500.0	7.96
-600.0	8.13
-700.0	9.71
-800.0	8.1
-1000.0	7.95
-1500.0	7.78
-2000.0	7.69
2002-03-18 00:00:00	21	2
-5.0	0.33
-10.0	0.8
-20.0	3.06
-30.0	2.04
-40.0	2.43
-50.0	2.88
-70.0	2.79
-90.0	3.44
-110.0	4.37
-130.0	6.07
-150.0	7.18
-200.0	7.3
-300.0	8.83
-400.0	8.1
-500.0	8.91
-600.0	9.0
-700.0	8.83
-1000.0	9.19
-1250.0	9.44
-1500.0	8.91
-2000.0	8.87
2004-08-30 00:00:00	20	2
-20.0	0.92
-30.0	1.53
-40.0	4.02
-50.0	5.75
-70.0	7.04
-90.0	7.34
-110.0	7.4
-130.0	7.32
-150.0	7.61
-200.0	8.07
-300.0	8.38
-400.0	8.18
-500.0	7.46
-600.0	7.96
-700.0	7.83
-800.0	7.9
-1000.0	7.84
-1250.0	7.71
-1500.0	6.27
-2000.0	7.07
2000-06-17 00:00:00	19	2
-30.0	1.11
-40.0	4.55
-50.0	6.12
-70.0	6.7
-90.0	6.56
-110.0	7.28
-130.0	7.42
-150.0	8.65
-200.0	7.69
-300.0	8.2
-400.0	8.47
-500.0	8.45
-600.0	7.68
-700.0	7.4
-800.0	8.11
-1000.0	8.24
-1250.0	8.29
-1500.0	8.29
-2000.0	8.23
1992-01-20 00:00:00	31	2
-10.0	2.61
-20.0	2.66
-30.0	2.75
-40.0	2.66
-50.0	2.7
-60.0	2.66
-70.0	2.74
-80.0	2.64
-100.0	2.68
-120.0	2.88
-140.0	5.64
-160.0	5.76
-180.0	6.65
-200.0	7.01
-250.0	7.05
-300.0	7.45
-400.0	7.24
-450.0	7.57
-500.0	7.85
-600.0	8.1
-700.0	8.3
-800.0	8.46
-900.0	7.97
-1000.0	8.13
-1100.0	8.24
-1200.0	8.16
-1300.0	8.38
-1500.0	8.46
-1600.0	8.38
-1700.0	8.46
-1800.0	8.24
2001-11-12 00:00:00	19	2
-5.0	0.39
-10.0	0.35
-20.0	0.35
-30.0	0.39
-40.0	0.54
-50.0	0.47
-70.0	0.7
-110.0	4.9
-130.0	7.46
-150.0	6.92
-200.0	7.23
-300.0	8.59
-400.0	8.16
-700.0	7.96
-800.0	7.93
-1000.0	7.77
-1250.0	8.04
-1500.0	8.08
-2000.0	7.96
2003-04-08 00:00:00	22	2
-5.0	1.5
-10.0	1.16
-20.0	1.36
-30.0	1.29
-40.0	1.37
-50.0	2.02
-70.0	1.51
-90.0	1.65
-110.0	1.57
-130.0	1.93
-150.0	1.61
-200.0	3.37
-300.0	5.9
-400.0	5.98
-500.0	5.51
-600.0	5.59
-700.0	5.98
-800.0	5.59
-1000.0	6.21
-1250.0	6.06
-1500.0	7.38
-2000.0	8.15
2004-04-26 00:00:00	17	2
-10.0	0.03
-30.0	0.39
-40.0	0.85
-50.0	0.55
-90.0	2.58
-110.0	4.75
-130.0	5.85
-300.0	7.15
-400.0	8.44
-500.0	6.8
-600.0	8.22
-700.0	7.23
-800.0	7.95
-1000.0	6.73
-1250.0	7.59
-1500.0	7.52
-2000.0	7.59
1994-07-05 00:00:00	21	2
-10.0	5.15
-20.0	0.15
-30.0	0.81
-40.0	2.74
-50.0	3.92
-70.0	5.64
-90.0	6.32
-110.0	6.53
-130.0	7.1
-150.0	7.23
-200.0	7.8
-300.0	8.36
-400.0	8.23
-500.0	8.11
-600.0	8.17
-700.0	8.22
-800.0	8.22
-1000.0	8.4
-1250.0	8.46
-1500.0	8.31
-2000.0	8.19
1996-04-05 00:00:00	22	2
-5.0	0.28
-10.0	0.32
-20.0	0.87
-30.0	1.13
-40.0	1.92
-50.0	3.23
-70.0	6.15
-90.0	5.7
-110.0	7.49
-130.0	6.42
-150.0	7.21
-200.0	7.4
-300.0	8.25
-400.0	8.44
-500.0	7.68
-600.0	8.19
-700.0	7.07
-800.0	7.82
-1000.0	8.01
-1250.0	8.44
-1500.0	8.16
-2000.0	8.81
1997-09-01 00:00:00	16	2
-5.0	0.04
-50.0	3.02
-70.0	6.31
-90.0	8.4
-110.0	7.79
-130.0	7.33
-150.0	7.5
-200.0	7.94
-300.0	8.14
-400.0	7.9
-500.0	7.99
-600.0	7.86
-700.0	7.19
-800.0	7.3
-1000.0	7.96
-1250.0	7.76
2007-06-25 00:00:00	21	2
-5.0	0.14
-20.0	0.18
-30.0	0.96
-40.0	3.89
-50.0	3.59
-70.0	7.24
-90.0	7.16
-110.0	8.05
-130.0	8.21
-150.0	8.17
-200.0	8.69
-300.0	8.71
-400.0	8.74
-500.0	8.73
-600.0	1.85
-700.0	8.82
-800.0	1.2
-1000.0	8.8
-1250.0	8.78
-1500.0	8.61
-2000.0	8.6
1994-03-04 00:00:00	22	2
-5.0	1.75
-10.0	1.68
-20.0	1.69
-30.0	1.73
-40.0	2.25
-50.0	3.33
-70.0	6.34
-90.0	7.12
-110.0	7.78
-130.0	7.99
-150.0	8.16
-200.0	8.16
-300.0	7.94
-400.0	7.65
-500.0	7.61
-600.0	7.93
-700.0	7.98
-800.0	7.68
-1000.0	8.48
-1250.0	8.57
-1500.0	8.42
-2000.0	8.42
1991-05-16 00:00:00	35	2
-20.0	0.01
-30.0	0.06
-40.0	0.73
-50.0	2.89
-60.0	4.8
-70.0	5.46
-80.0	5.46
-90.0	5.8
-100.0	5.82
-120.0	6.14
-140.0	6.32
-160.0	6.72
-180.0	6.56
-200.0	7.28
-250.0	7.44
-300.0	7.52
-350.0	8.08
-400.0	8.44
-450.0	7.84
-500.0	8.0
-600.0	8.16
-700.0	7.84
-800.0	8.32
-900.0	8.56
-1000.0	8.48
-1100.0	8.24
-1200.0	8.0
-1300.0	8.16
-1400.0	8.0
-1500.0	7.84
-1600.0	7.68
-1700.0	7.76
-1800.0	7.76
-1900.0	7.68
-2000.0	8.16
2005-09-27 00:00:00	19	2
-20.0	0.11
-40.0	0.03
-50.0	1.97
-70.0	5.25
-90.0	6.93
-110.0	7.57
-130.0	8.05
-150.0	7.91
-200.0	8.05
-300.0	7.84
-400.0	6.08
-500.0	8.19
-600.0	8.56
-700.0	8.4
-800.0	7.99
-1000.0	8.2
-1250.0	9.94
-1500.0	8.94
-2000.0	8.61
1993-06-23 00:00:00	19	2
-20.0	0.02
-30.0	0.17
-40.0	4.61
-50.0	5.26
-70.0	6.45
-90.0	6.58
-110.0	7.1
-130.0	6.85
-150.0	7.21
-300.0	7.6
-400.0	8.1
-500.0	8.22
-600.0	8.5
-700.0	8.38
-800.0	8.04
-1000.0	7.71
-1250.0	8.24
-1500.0	8.43
-2000.0	7.68
2006-10-17 00:00:00	21	2
-5.0	0.19
-20.0	0.13
-30.0	0.26
-40.0	0.66
-50.0	4.75
-70.0	8.29
-90.0	8.34
-110.0	8.54
-130.0	8.73
-150.0	8.69
-200.0	8.89
-300.0	8.89
-400.0	8.71
-500.0	8.76
-600.0	8.76
-700.0	8.75
-800.0	8.55
-1000.0	8.58
-1250.0	8.44
-1500.0	8.39
-2000.0	8.42
2006-02-04 00:00:00	17	2
-5.0	0.26
-10.0	1.47
-20.0	2.99
-40.0	4.86
-50.0	11.93
-70.0	5.73
-90.0	7.2
-130.0	8.04
-150.0	8.91
-300.0	7.94
-400.0	7.75
-500.0	8.37
-600.0	8.32
-700.0	7.75
-1000.0	8.48
-1250.0	8.18
-1500.0	8.17
1992-10-13 00:00:00	27	2
-10.0	1.55
-20.0	1.79
-40.0	1.47
-50.0	1.23
-60.0	2.17
-70.0	3.57
-80.0	6.49
-100.0	6.35
-120.0	6.55
-180.0	6.77
-200.0	4.83
-250.0	6.32
-300.0	7.01
-400.0	7.2
-500.0	5.95
-600.0	6.74
-900.0	6.38
-1000.0	4.62
-1200.0	7.4
-1300.0	8.47
-1400.0	6.94
-1500.0	7.3
-1600.0	5.76
-1700.0	7.06
-1800.0	9.23
-1900.0	7.78
-2000.0	6.06
1994-11-20 00:00:00	17	2
-40.0	1.58
-50.0	3.98
-70.0	5.82
-90.0	6.73
-110.0	6.78
-130.0	7.55
-150.0	6.14
-200.0	4.19
-300.0	8.39
-400.0	7.12
-500.0	7.73
-600.0	7.12
-700.0	7.2
-800.0	5.55
-1000.0	7.6
-1250.0	5.6
-2000.0	7.12
2000-02-22 00:00:00	19	2
-5.0	3.25
-10.0	3.41
-20.0	3.8
-30.0	3.8
-50.0	3.55
-90.0	5.22
-110.0	5.84
-130.0	5.52
-150.0	5.42
-200.0	5.94
-400.0	6.22
-500.0	5.99
-600.0	6.78
-700.0	6.99
-800.0	6.83
-1000.0	6.84
-1250.0	8.01
-1500.0	6.86
-2000.0	7.48
1999-02-04 00:00:00	11	2
-200.0	4.38
-250.0	5.23
-300.0	6.66
-400.0	5.13
-500.0	7.31
-600.0	8.16
-700.0	4.0
-800.0	5.67
-1000.0	4.87
-1250.0	6.46
-2000.0	6.16
1999-06-12 00:00:00	19	2
-30.0	1.31
-40.0	0.11
-50.0	2.99
-70.0	5.53
-90.0	6.36
-110.0	7.0
-130.0	6.87
-150.0	7.52
-200.0	7.07
-300.0	8.22
-400.0	8.26
-500.0	8.28
-600.0	8.14
-700.0	8.1
-800.0	8.04
-1000.0	7.28
-1250.0	7.84
-1500.0	7.38
-2000.0	8.18
1996-08-25 00:00:00	15	2
-50.0	0.46
-70.0	4.07
-110.0	6.88
-130.0	7.35
-150.0	7.74
-200.0	8.19
-400.0	8.49
-500.0	8.37
-600.0	8.28
-700.0	7.07
-800.0	8.45
-1000.0	8.5
-1250.0	8.58
-1500.0	7.78
-2000.0	8.37
2002-04-05 00:00:00	10	2
-20.0	0.08
-30.0	1.26
-40.0	0.58
-50.0	0.97
-70.0	1.48
-90.0	2.27
-110.0	2.04
-130.0	2.27
-150.0	2.42
-200.0	3.5
1993-11-07 00:00:00	22	2
-5.0	0.38
-10.0	0.39
-20.0	0.38
-30.0	0.41
-40.0	0.38
-50.0	0.53
-70.0	2.85
-90.0	4.46
-110.0	5.09
-130.0	5.31
-150.0	5.99
-200.0	7.03
-300.0	7.59
-400.0	8.14
-500.0	8.26
-600.0	8.32
-700.0	8.23
-800.0	8.18
-1000.0	8.3
-1250.0	8.14
-1500.0	8.23
-2000.0	7.97
2001-11-30 00:00:00	19	2
-5.0	0.02
-10.0	0.06
-20.0	0.36
-30.0	0.45
-40.0	1.82
-50.0	3.03
-70.0	4.49
-90.0	6.21
-110.0	7.59
-130.0	7.84
-140.0	8.23
-200.0	8.15
-500.0	8.36
-700.0	8.79
-800.0	8.36
-1000.0	7.8
-1250.0	7.84
-1500.0	7.76
-2000.0	7.41
1991-10-03 00:00:00	30	2
-60.0	0.79
-70.0	4.47
-80.0	5.37
-90.0	5.51
-100.0	5.65
-120.0	6.16
-140.0	6.17
-180.0	6.49
-200.0	6.32
-250.0	6.71
-300.0	6.92
-350.0	6.87
-400.0	6.87
-450.0	7.08
-500.0	7.13
-600.0	7.12
-700.0	7.33
-800.0	7.43
-900.0	7.24
-1000.0	7.47
-1100.0	7.41
-1200.0	7.37
-1300.0	7.29
-1400.0	7.31
-1500.0	7.4
-1600.0	7.23
-1700.0	7.22
-1800.0	7.32
-1900.0	7.22
-2000.0	7.07
2004-09-20 00:00:00	8	2
-40.0	0.08
-50.0	0.19
-70.0	6.17
-90.0	7.36
-110.0	7.57
-130.0	8.09
-150.0	7.96
-200.0	7.97
1993-07-05 00:00:00	17	2
-50.0	3.19
-70.0	6.0
-90.0	6.78
-110.0	7.03
-130.0	7.15
-150.0	7.43
-200.0	7.63
-300.0	7.72
-400.0	8.18
-500.0	8.28
-600.0	8.17
-700.0	8.18
-800.0	8.08
-1000.0	8.29
-1250.0	7.99
-1500.0	7.95
-2000.0	7.83
1997-05-15 00:00:00	20	2
-40.0	0.05
-50.0	1.45
-70.0	3.88
-90.0	4.68
-110.0	5.96
-130.0	5.21
-150.0	6.24
-200.0	5.67
-300.0	7.98
-400.0	8.52
-500.0	7.17
-600.0	5.89
-700.0	8.02
-800.0	7.17
-1000.0	7.52
-1250.0	5.25
-1500.0	7.1
-2000.0	7.13
-2300.0	6.88
-2383.0	7.31
1998-01-26 00:00:00	12	2
-5.0	0.34
-10.0	0.62
-20.0	1.05
-30.0	1.71
-40.0	2.28
-50.0	2.77
-70.0	3.23
-90.0	6.57
-110.0	6.47
-130.0	6.1
-150.0	7.17
-200.0	8.34
1999-10-28 00:00:00	20	2
-5.0	0.28
-10.0	0.16
-20.0	0.18
-50.0	0.17
-70.0	3.43
-90.0	5.18
-110.0	6.25
-130.0	6.38
-150.0	6.7
-200.0	6.79
-300.0	8.44
-400.0	8.44
-500.0	8.3
-600.0	8.35
-700.0	7.95
-800.0	7.77
-1000.0	7.64
-1250.0	7.95
-1500.0	7.82
-2000.0	7.68
2001-07-29 00:00:00	17	2
-30.0	0.96
-40.0	3.79
-50.0	6.78
-70.0	5.66
-90.0	7.54
-110.0	8.11
-130.0	7.78
-150.0	7.83
-200.0	8.73
-500.0	7.79
-600.0	6.47
-700.0	7.84
-800.0	7.96
-1000.0	7.84
-1250.0	7.22
-1500.0	7.03
-2000.0	6.65
1991-01-24 00:00:00	36	2
-10.0	2.51
-20.0	2.59
-30.0	2.58
-40.0	2.77
-50.0	2.77
-60.0	2.57
-70.0	2.71
-80.0	3.31
-90.0	4.59
-100.0	4.86
-120.0	4.39
-140.0	3.88
-160.0	5.33
-180.0	5.37
-200.0	5.24
-250.0	5.53
-300.0	8.23
-350.0	7.42
-400.0	7.42
-450.0	8.29
-500.0	8.23
-600.0	8.23
-700.0	8.03
-800.0	8.29
-900.0	8.7
-1000.0	8.5
-1100.0	8.19
-1200.0	8.29
-1300.0	8.23
-1400.0	8.03
-1500.0	8.03
-1600.0	7.82
-1700.0	8.03
-1800.0	8.09
-1900.0	7.89
-2000.0	7.96
1998-10-10 00:00:00	9	2
-30.0	2.56
-40.0	3.39
-50.0	4.31
-70.0	5.23
-90.0	5.76
-110.0	6.13
-130.0	6.51
-150.0	6.51
-200.0	6.57
2002-08-18 00:00:00	10	2
-5.0	0.07
-30.0	0.7
-40.0	2.27
-50.0	4.88
-70.0	6.47
-90.0	4.18
-110.0	5.43
-130.0	8.97
-150.0	6.61
-200.0	6.8
1995-04-10 00:00:00	18	2
-5.0	0.53
-10.0	0.98
-20.0	1.61
-30.0	3.18
-40.0	3.57
-50.0	4.4
-70.0	4.73
-90.0	5.62
-110.0	5.83
-130.0	6.22
-150.0	6.19
-200.0	6.2
-300.0	6.98
-400.0	8.4
-600.0	8.14
-700.0	8.07
-800.0	8.17
-1000.0	8.32
2005-06-09 00:00:00	17	2
-5.0	0.06
-40.0	1.65
-50.0	1.35
-90.0	5.74
-110.0	5.47
-130.0	4.68
-150.0	6.51
-200.0	4.78
-300.0	7.49
-400.0	4.09
-500.0	7.61
-600.0	7.49
-700.0	7.63
-800.0	7.35
-1000.0	7.28
-1250.0	8.5
-1500.0	7.66
2007-07-17 00:00:00	19	2
-5.0	0.08
-10.0	0.27
-20.0	0.26
-30.0	0.36
-40.0	2.57
-50.0	5.31
-70.0	5.65
-90.0	6.66
-110.0	7.76
-200.0	8.88
-300.0	9.17
-400.0	8.97
-500.0	9.39
-600.0	8.88
-700.0	8.94
-800.0	8.97
-1000.0	8.89
-1500.0	9.09
-2000.0	8.71
2005-02-03 00:00:00	22	2
-5.0	4.85
-10.0	5.77
-20.0	6.12
-30.0	6.33
-40.0	6.47
-50.0	6.68
-70.0	6.75
-90.0	6.82
-110.0	6.88
-130.0	6.88
-150.0	6.88
-200.0	6.88
-300.0	6.88
-400.0	6.88
-500.0	6.88
-600.0	8.5
-700.0	8.71
-800.0	8.64
-1000.0	8.5
-1250.0	7.8
-1500.0	8.57
-2000.0	8.54
2006-06-30 00:00:00	19	2
-5.0	0.75
-10.0	0.75
-30.0	0.13
-50.0	5.52
-70.0	7.23
-90.0	7.44
-110.0	3.7
-130.0	4.77
-150.0	4.57
-200.0	4.41
-300.0	6.45
-400.0	4.58
-500.0	8.22
-600.0	8.01
-700.0	6.66
-800.0	7.5
-1000.0	8.43
-1500.0	0.38
-2000.0	1.57
1999-02-21 00:00:00	22	2
-5.0	1.39
-10.0	1.77
-20.0	2.78
-30.0	3.53
-40.0	3.82
-50.0	3.29
-70.0	3.84
-90.0	4.19
-110.0	5.05
-130.0	5.33
-150.0	5.67
-200.0	7.05
-300.0	7.32
-400.0	7.15
-500.0	7.04
-600.0	6.21
-700.0	6.93
-800.0	6.13
-1000.0	6.39
-1250.0	6.04
-1500.0	7.68
-2000.0	6.43
2006-07-03 00:00:00	1	2
-70.0	0.02
1992-02-20 00:00:00	33	2
-10.0	2.64
-20.0	2.62
-30.0	2.61
-40.0	2.61
-50.0	2.62
-60.0	2.68
-70.0	2.64
-80.0	2.67
-100.0	2.61
-120.0	2.72
-140.0	5.1
-160.0	6.81
-180.0	7.44
-200.0	7.5
-250.0	7.67
-300.0	7.58
-350.0	7.92
-400.0	7.85
-500.0	8.35
-600.0	8.25
-700.0	8.34
-800.0	8.63
-900.0	8.37
-1000.0	8.56
-1100.0	8.54
-1200.0	8.67
-1300.0	8.59
-1400.0	8.6
-1500.0	8.45
-1700.0	8.41
-1800.0	8.47
-1900.0	8.36
-2000.0	8.14
2006-11-09 00:00:00	17	2
-10.0	7.65
-50.0	1.62
-70.0	4.5
-90.0	4.55
-110.0	7.96
-130.0	5.18
-150.0	7.57
-200.0	7.7
-300.0	7.87
-400.0	7.97
-500.0	7.96
-600.0	5.75
-700.0	4.3
-800.0	7.98
-1000.0	7.84
-1250.0	7.77
-1500.0	7.31
1999-02-24 00:00:00	11	2
-5.0	3.43
-10.0	4.21
-20.0	3.99
-30.0	4.87
-40.0	6.32
-50.0	4.88
-70.0	6.71
-90.0	5.04
-110.0	4.9
-130.0	6.85
-200.0	7.01
1992-06-29 00:00:00	22	2
-60.0	0.85
-80.0	5.62
-100.0	6.22
-120.0	7.14
-140.0	7.98
-160.0	8.07
-180.0	8.27
-200.0	8.36
-250.0	8.91
-300.0	9.06
-600.0	9.46
-700.0	9.45
-800.0	9.54
-900.0	9.55
-1200.0	9.44
-1300.0	9.65
-1400.0	9.31
-1500.0	9.31
-1600.0	9.33
-1700.0	9.27
-1800.0	9.38
-2000.0	9.4
1998-02-06 00:00:00	22	2
-5.0	1.33
-10.0	1.56
-20.0	1.63
-30.0	1.43
-50.0	1.6
-70.0	2.13
-90.0	1.8
-110.0	2.28
-130.0	3.86
-150.0	5.09
-200.0	4.93
-300.0	7.96
-400.0	7.76
-500.0	8.02
-600.0	8.61
-700.0	8.47
-800.0	8.34
-1000.0	8.32
-1250.0	7.65
-1500.0	8.53
-2000.0	8.38
-2100.0	8.41
2000-07-21 00:00:00	20	2
-20.0	0.17
-30.0	1.67
-40.0	3.44
-50.0	5.58
-70.0	6.71
-90.0	7.12
-110.0	7.46
-130.0	7.88
-150.0	7.61
-200.0	7.56
-300.0	7.98
-400.0	8.33
-500.0	8.41
-600.0	7.77
-700.0	8.07
-800.0	8.16
-1000.0	7.98
-1250.0	8.07
-1500.0	8.76
-2000.0	8.16
1991-06-13 00:00:00	34	2
-30.0	0.68
-40.0	4.32
-50.0	5.6
-60.0	6.09
-70.0	6.27
-80.0	6.38
-90.0	6.6
-100.0	6.87
-120.0	6.62
-140.0	6.92
-160.0	7.04
-180.0	7.21
-200.0	7.38
-250.0	7.42
-300.0	8.08
-350.0	8.18
-400.0	8.07
-450.0	8.13
-500.0	8.25
-600.0	8.23
-700.0	8.32
-800.0	8.39
-900.0	8.23
-1000.0	8.17
-1100.0	8.4
-1200.0	8.4
-1300.0	8.11
-1400.0	8.26
-1500.0	8.23
-1600.0	8.21
-1700.0	8.08
-1800.0	8.18
-1900.0	8.13
-2000.0	8.01
1998-06-16 00:00:00	17	2
-40.0	0.23
-50.0	2.5
-70.0	4.3
-90.0	5.27
-110.0	5.92
-130.0	6.66
-150.0	7.09
-200.0	7.7
-300.0	8.8
-400.0	8.72
-600.0	8.34
-700.0	8.15
-800.0	8.08
-1000.0	7.77
-1250.0	8.31
-1500.0	8.39
-2000.0	8.19
2005-10-25 00:00:00	22	2
-5.0	0.08
-10.0	0.54
-20.0	0.08
-30.0	0.08
-40.0	0.43
-50.0	1.12
-70.0	4.06
-90.0	6.29
-110.0	7.21
-130.0	7.1
-150.0	7.02
-200.0	8.29
-300.0	8.21
-400.0	9.52
-500.0	8.37
-600.0	8.6
-700.0	8.52
-800.0	8.13
-1000.0	9.06
-1250.0	8.29
-1500.0	8.44
-2000.0	8.56
2003-05-14 00:00:00	19	2
-10.0	0.05
-40.0	0.78
-50.0	3.01
-70.0	3.39
-90.0	3.66
-110.0	3.76
-130.0	6.01
-150.0	5.55
-200.0	4.42
-300.0	5.7
-400.0	5.22
-500.0	5.81
-600.0	6.1
-700.0	5.94
-800.0	7.66
-1000.0	4.61
-1250.0	5.56
-1500.0	4.86
-2000.0	6.66
2004-06-01 00:00:00	12	2
-5.0	0.59
-10.0	0.55
-20.0	0.7
-30.0	0.52
-40.0	1.15
-50.0	2.2
-70.0	2.56
-90.0	2.23
-110.0	2.59
-130.0	3.17
-150.0	2.47
-200.0	4.29
1991-02-07 00:00:00	11	2
-10.0	2.56
-20.0	2.67
-30.0	2.62
-40.0	2.67
-50.0	2.71
-60.0	2.76
-70.0	2.95
-80.0	2.92
-100.0	3.77
-120.0	5.83
-140.0	4.8
2003-09-20 00:00:00	16	2
-70.0	0.62
-90.0	4.45
-110.0	2.67
-130.0	2.74
-150.0	2.2
-200.0	7.31
-300.0	7.79
-400.0	7.96
-500.0	7.9
-600.0	8.18
-700.0	7.71
-1000.0	7.3
-1240.0	7.57
-1500.0	7.79
-2000.0	7.65
-2010.0	7.52
2004-01-26 00:00:00	19	2
-5.0	1.73
-10.0	1.99
-20.0	2.96
-30.0	3.08
-40.0	3.22
-50.0	3.38
-70.0	3.11
-90.0	4.83
-110.0	5.57
-130.0	6.16
-150.0	6.43
-200.0	4.67
-300.0	7.63
-400.0	6.57
-500.0	6.24
-600.0	6.57
-1250.0	7.15
-1500.0	5.98
-2000.0	5.18
1991-02-08 00:00:00	35	2
-10.0	3.22
-20.0	2.67
-30.0	2.83
-40.0	2.8
-50.0	2.59
-60.0	2.8
-70.0	3.4
-80.0	3.53
-90.0	4.83
-100.0	5.7
-120.0	6.68
-140.0	6.68
-160.0	6.56
-180.0	7.23
-200.0	7.35
-250.0	7.9
-300.0	8.2
-350.0	7.96
-400.0	7.84
-450.0	7.84
-500.0	7.96
-600.0	7.96
-700.0	7.9
-800.0	8.39
-900.0	8.08
-1000.0	8.27
-1100.0	8.33
-1200.0	8.2
-1300.0	8.08
-1400.0	8.02
-1500.0	8.08
-1700.0	7.9
-1800.0	7.72
-1900.0	8.02
-2000.0	7.78
1992-11-09 00:00:00	23	2
-10.0	0.49
-20.0	1.22
-30.0	0.59
-60.0	4.72
-80.0	5.76
-100.0	7.09
-120.0	7.68
-140.0	5.23
-160.0	6.59
-180.0	6.37
-200.0	6.79
-250.0	6.66
-300.0	6.35
-400.0	7.87
-500.0	8.44
-600.0	8.02
-800.0	6.01
-1000.0	6.46
-1200.0	6.43
-1400.0	6.8
-1600.0	6.24
-1800.0	6.61
-2000.0	6.74
1994-04-07 00:00:00	16	2
-5.0	0.45
-10.0	0.32
-20.0	0.8
-30.0	0.77
-40.0	2.26
-50.0	2.01
-70.0	3.4
-90.0	2.5
-110.0	3.88
-130.0	2.99
-150.0	3.7
-200.0	4.27
-300.0	4.5
-400.0	6.73
-500.0	7.33
-2000.0	8.27
1999-07-10 00:00:00	19	2
-30.0	0.1
-40.0	0.65
-50.0	2.77
-70.0	4.56
-90.0	4.74
-110.0	5.52
-130.0	6.2
-150.0	6.01
-200.0	7.0
-300.0	7.4
-400.0	7.58
-500.0	7.67
-600.0	7.56
-700.0	7.7
-800.0	8.6
-1000.0	7.81
-1250.0	7.94
-1500.0	7.99
-2000.0	7.88
1993-12-06 00:00:00	22	2
-5.0	0.64
-10.0	0.67
-20.0	1.0
-30.0	0.87
-40.0	2.92
-50.0	4.19
-70.0	4.78
-90.0	5.73
-110.0	6.12
-130.0	6.18
-150.0	6.6
-200.0	6.92
-300.0	7.9
-400.0	8.19
-500.0	7.8
-600.0	8.04
-700.0	8.32
-800.0	8.36
-1000.0	8.42
-1250.0	8.53
-1500.0	8.4
-2000.0	8.2
2000-03-28 00:00:00	12	2
-5.0	2.24
-10.0	2.48
-20.0	2.6
-30.0	2.72
-40.0	2.6
-50.0	2.83
-70.0	5.97
-90.0	6.14
-110.0	5.84
-130.0	6.87
-150.0	7.2
-200.0	7.48
1994-08-21 00:00:00	7	2
-50.0	1.45
-70.0	4.31
-90.0	4.32
-110.0	5.36
-130.0	6.04
-150.0	5.57
-200.0	5.32
2005-07-02 00:00:00	18	2
-30.0	1.95
-40.0	2.47
-50.0	4.25
-70.0	4.98
-90.0	5.47
-110.0	5.44
-130.0	5.47
-150.0	5.71
-200.0	6.36
-300.0	6.69
-400.0	6.85
-500.0	6.75
-600.0	6.71
-700.0	6.83
-800.0	6.91
-1000.0	6.91
-1250.0	6.99
-1500.0	7.16
1996-05-23 00:00:00	19	2
-30.0	0.21
-40.0	3.24
-50.0	5.22
-70.0	6.07
-90.0	6.7
-110.0	6.97
-130.0	7.29
-150.0	7.42
-200.0	7.77
-300.0	8.23
-400.0	8.28
-500.0	8.06
-600.0	8.09
-700.0	8.15
-800.0	8.16
-1000.0	8.26
-1250.0	8.26
-1500.0	8.22
-2000.0	7.93
2007-04-04 00:00:00	10	2
-300.0	8.84
-400.0	8.73
-500.0	9.02
-600.0	9.31
-700.0	9.23
-800.0	9.03
-1000.0	8.9
-1250.0	8.75
-1500.0	8.76
-2000.0	8.69
2002-09-14 00:00:00	18	2
-40.0	0.01
-50.0	0.33
-70.0	5.81
-90.0	7.35
-110.0	7.82
-130.0	8.35
-150.0	8.65
-200.0	8.92
-300.0	8.95
-400.0	9.02
-500.0	8.68
-600.0	8.48
-700.0	8.35
-800.0	8.62
-1000.0	8.41
-1250.0	8.29
-1500.0	7.82
-2000.0	7.95
1996-10-01 00:00:00	13	2
-50.0	0.09
-70.0	2.94
-90.0	4.72
-110.0	5.04
-130.0	5.22
-150.0	5.53
-200.0	6.31
-700.0	5.99
-800.0	5.99
-1000.0	5.99
-1250.0	6.16
-1500.0	6.1
-2000.0	5.99
1995-09-14 00:00:00	20	2
-20.0	0.08
-30.0	0.33
-40.0	2.95
-50.0	5.68
-70.0	6.75
-90.0	6.93
-110.0	7.05
-130.0	7.21
-150.0	7.36
-200.0	7.58
-300.0	8.01
-400.0	8.38
-500.0	8.37
-600.0	8.19
-700.0	8.03
-800.0	8.07
-1000.0	8.1
-1250.0	8.09
-1500.0	8.02
-2000.0	7.88
2001-08-29 00:00:00	20	2
-5.0	0.03
-10.0	0.03
-20.0	0.02
-30.0	0.03
-40.0	0.63
-70.0	5.17
-90.0	6.47
-110.0	6.92
-130.0	7.52
-150.0	7.64
-200.0	8.29
-300.0	8.35
-400.0	8.69
-500.0	8.39
-600.0	8.23
-700.0	7.8
-800.0	8.13
-1000.0	8.02
-1250.0	8.31
-2000.0	8.25
1991-11-07 00:00:00	31	2
-60.0	0.1
-70.0	1.27
-80.0	3.55
-90.0	6.34
-100.0	7.04
-120.0	7.29
-140.0	7.18
-160.0	6.98
-180.0	7.41
-200.0	7.6
-250.0	7.78
-300.0	7.84
-350.0	7.72
-400.0	7.9
-450.0	7.84
-500.0	7.9
-600.0	7.84
-700.0	7.78
-800.0	7.72
-900.0	7.84
-1000.0	7.9
-1100.0	7.84
-1200.0	7.72
-1300.0	7.66
-1400.0	7.58
-1500.0	7.54
-1600.0	7.54
-1700.0	7.54
-1800.0	7.38
-1900.0	7.35
-2000.0	7.05
1995-05-11 00:00:00	22	2
-5.0	0.04
-10.0	0.08
-20.0	0.31
-30.0	3.42
-40.0	5.48
-50.0	6.5
-70.0	7.15
-90.0	7.46
-100.0	7.52
-110.0	7.61
-130.0	7.76
-150.0	8.34
-200.0	8.14
-250.0	8.53
-300.0	8.61
-400.0	8.54
-500.0	8.54
-600.0	8.55
-800.0	8.55
-900.0	8.55
-1000.0	8.55
-1100.0	8.51
1999-03-19 00:00:00	22	2
-5.0	4.69
-10.0	4.68
-20.0	4.81
-30.0	4.93
-40.0	5.15
-50.0	5.28
-70.0	5.36
-90.0	5.51
-110.0	5.46
-130.0	5.46
-150.0	5.62
-200.0	6.71
-300.0	6.62
-400.0	7.49
-500.0	8.14
-600.0	8.93
-700.0	8.81
-800.0	8.66
-1000.0	8.79
-1250.0	8.94
-1500.0	8.85
-2000.0	8.78
2001-04-26 00:00:00	18	2
-30.0	0.17
-40.0	1.04
-50.0	2.79
-70.0	4.36
-90.0	5.39
-110.0	6.8
-130.0	6.86
-150.0	6.74
-200.0	7.67
-300.0	7.95
-400.0	8.67
-500.0	8.24
-600.0	8.27
-700.0	8.16
-800.0	7.88
-1000.0	7.55
-1250.0	8.06
-1500.0	5.08
2004-10-27 00:00:00	22	2
-5.0	0.26
-10.0	0.05
-20.0	0.25
-30.0	0.01
-40.0	0.11
-50.0	1.06
-70.0	4.02
-90.0	4.99
-110.0	6.96
-130.0	4.97
-150.0	4.47
-200.0	8.23
-300.0	7.73
-400.0	9.0
-500.0	9.12
-600.0	8.67
-700.0	6.42
-800.0	6.96
-1000.0	8.65
-1250.0	6.63
-1500.0	7.42
-2000.0	8.62
1997-06-19 00:00:00	7	2
-50.0	0.52
-70.0	3.6
-90.0	4.87
-110.0	4.62
-130.0	4.55
-150.0	5.9
-200.0	6.11
2002-05-18 00:00:00	8	2
-40.0	3.1
-50.0	3.38
-70.0	4.52
-90.0	5.81
-110.0	6.18
-130.0	6.74
-150.0	6.94
-200.0	7.51
1994-04-28 00:00:00	19	2
-30.0	0.43
-40.0	0.48
-50.0	0.93
-70.0	0.76
-90.0	0.75
-110.0	6.44
-130.0	6.62
-150.0	7.64
-200.0	8.22
-300.0	8.83
-400.0	7.83
-500.0	8.75
-600.0	8.79
-700.0	9.05
-800.0	9.14
-1000.0	9.14
-1250.0	8.88
-1500.0	8.7
-2000.0	8.61
1991-03-05 00:00:00	36	2
-10.0	0.94
-20.0	1.08
-30.0	1.21
-40.0	0.88
-50.0	1.87
-60.0	1.77
-70.0	2.26
-80.0	2.13
-90.0	1.41
-100.0	3.39
-120.0	2.86
-140.0	6.09
-160.0	4.24
-180.0	2.92
-200.0	3.12
-250.0	3.65
-300.0	4.57
-350.0	4.11
-400.0	4.97
-450.0	7.21
-500.0	5.76
-600.0	8.53
-700.0	8.46
-800.0	8.86
-900.0	8.86
-1000.0	5.96
-1100.0	8.6
-1200.0	8.27
-1300.0	8.6
-1400.0	8.73
-1500.0	8.07
-1600.0	8.2
-1700.0	8.13
-1800.0	7.94
-1900.0	8.2
-2000.0	8.13
2000-04-14 00:00:00	21	2
-5.0	2.03
-10.0	2.11
-20.0	2.11
-30.0	2.41
-40.0	2.31
-50.0	2.36
-70.0	3.48
-90.0	4.19
-110.0	6.92
-130.0	7.1
-150.0	7.54
-200.0	6.83
-400.0	7.36
-500.0	7.18
-600.0	7.8
-700.0	7.72
-800.0	8.16
-1000.0	8.25
-1250.0	7.81
-1500.0	7.99
-2000.0	8.25
2004-06-29 00:00:00	21	2
-5.0	0.23
-10.0	0.01
-30.0	0.46
-40.0	3.69
-50.0	5.2
-70.0	6.41
-90.0	7.16
-110.0	7.54
-130.0	7.69
-150.0	7.95
-200.0	8.06
-300.0	8.54
-400.0	7.91
-500.0	8.06
-600.0	8.36
-700.0	7.54
-800.0	8.13
-1000.0	8.06
-1250.0	8.06
-1500.0	6.94
-2000.0	6.57
2006-12-12 00:00:00	22	2
-5.0	1.2
-10.0	1.43
-20.0	2.71
-30.0	7.06
-40.0	8.55
-50.0	8.78
-70.0	8.8
-90.0	8.92
-110.0	8.94
-130.0	8.92
-150.0	8.96
-200.0	8.79
-300.0	8.76
-400.0	8.85
-500.0	8.93
-600.0	8.8
-700.0	8.69
-800.0	8.71
-1000.0	8.83
-1250.0	8.21
-1500.0	8.2
-2000.0	8.24
2005-11-24 00:00:00	11	2
-5.0	0.7
-10.0	0.72
-20.0	0.86
-30.0	0.99
-40.0	1.43
-50.0	2.91
-70.0	6.12
-90.0	6.98
-110.0	7.36
-130.0	7.72
-150.0	7.81
2004-02-25 00:00:00	21	2
-10.0	4.83
-20.0	5.97
-30.0	4.76
-40.0	4.74
-50.0	4.74
-70.0	5.69
-90.0	5.03
-110.0	5.33
-130.0	5.24
-150.0	4.32
-200.0	4.98
-300.0	6.95
-400.0	8.25
-500.0	8.04
-600.0	7.92
-700.0	7.73
-800.0	7.71
-1000.0	7.35
-1250.0	8.03
-1500.0	6.65
-2000.0	8.17
1995-01-17 00:00:00	15	2
-5.0	3.94
-10.0	3.96
-20.0	4.14
-30.0	4.1
-40.0	4.14
-50.0	4.18
-70.0	4.22
-90.0	4.25
-110.0	5.54
-130.0	5.04
-150.0	5.5
-200.0	6.01
-300.0	8.5
-400.0	8.71
-500.0	8.68
1997-02-23 00:00:00	22	2
-5.0	1.99
-10.0	2.47
-20.0	2.7
-30.0	1.92
-40.0	1.89
-50.0	2.0
-70.0	2.25
-90.0	3.74
-110.0	4.43
-130.0	5.49
-150.0	6.91
-200.0	7.42
-300.0	7.25
-400.0	7.99
-500.0	7.49
-600.0	6.69
-700.0	7.62
-800.0	7.61
-1000.0	7.73
-1250.0	7.83
-1500.0	7.77
-2000.0	6.52
2002-01-20 00:00:00	20	2
-5.0	4.85
-20.0	6.13
-30.0	5.95
-40.0	5.39
-50.0	6.23
-70.0	5.95
-90.0	4.78
-110.0	7.48
-130.0	8.24
-150.0	8.12
-200.0	8.59
-300.0	8.92
-500.0	9.26
-600.0	8.37
-700.0	7.62
-800.0	7.26
-1000.0	7.89
-1250.0	8.31
-1500.0	9.26
-2000.0	8.04
2003-10-22 00:00:00	5	2
-70.0	0.17
-110.0	2.7
-130.0	3.97
-150.0	3.43
-200.0	5.44
1991-07-18 00:00:00	31	2
-50.0	2.79
-60.0	4.75
-70.0	6.02
-80.0	6.31
-90.0	6.4
-100.0	6.43
-120.0	6.63
-140.0	6.72
-160.0	6.76
-180.0	7.03
-200.0	7.34
-250.0	7.25
-300.0	7.39
-350.0	7.66
-400.0	7.59
-450.0	7.86
-500.0	7.91
-600.0	8.09
-700.0	8.16
-800.0	8.07
-900.0	8.34
-1100.0	8.15
-1200.0	8.11
-1300.0	8.03
-1400.0	7.98
-1500.0	8.05
-1600.0	7.86
-1700.0	7.85
-1800.0	7.86
-1900.0	7.86
-2000.0	7.78
1992-03-30 00:00:00	34	2
-10.0	1.25
-20.0	1.25
-30.0	1.7
-40.0	1.85
-50.0	2.13
-60.0	2.99
-70.0	4.59
-80.0	5.08
-90.0	5.88
-100.0	5.55
-120.0	5.98
-140.0	6.4
-160.0	6.71
-180.0	6.77
-200.0	7.09
-250.0	6.86
-300.0	7.28
-350.0	7.32
-400.0	7.32
-500.0	7.44
-600.0	7.53
-700.0	7.54
-800.0	7.53
-900.0	7.59
-1000.0	7.52
-1100.0	7.67
-1300.0	7.65
-1400.0	7.55
-1500.0	7.54
-1600.0	7.47
-1700.0	7.46
-1800.0	7.57
-1900.0	7.64
-2000.0	7.5
1998-03-16 00:00:00	22	2
-5.0	2.76
-10.0	2.76
-20.0	2.9
-30.0	3.93
-40.0	4.07
-50.0	5.41
-70.0	4.78
-90.0	4.73
-110.0	5.88
-130.0	7.66
-150.0	7.34
-200.0	8.65
-300.0	8.76
-400.0	8.82
-500.0	8.45
-600.0	8.25
-700.0	8.09
-800.0	7.55
-1000.0	8.36
-1250.0	7.36
-1500.0	7.64
-2000.0	7.95
1998-07-22 00:00:00	18	2
-40.0	0.51
-50.0	2.65
-70.0	5.81
-90.0	6.54
-110.0	5.6
-130.0	6.8
-150.0	7.39
-200.0	5.69
-300.0	7.48
-400.0	7.22
-500.0	6.37
-600.0	6.37
-700.0	6.71
-800.0	6.8
-1000.0	6.88
-1250.0	6.11
-1500.0	6.03
-2000.0	6.8
1993-04-21 00:00:00	21	2
-0.0	0.14
-20.0	0.03
-30.0	1.41
-40.0	4.08
-50.0	5.04
-70.0	5.31
-90.0	7.52
-110.0	7.77
-130.0	8.31
-150.0	8.51
-200.0	8.94
-300.0	7.89
-400.0	8.66
-500.0	9.62
-600.0	9.09
-700.0	9.34
-800.0	9.26
-1000.0	9.32
-1250.0	8.77
-1500.0	9.24
-2000.0	9.16
1999-12-18 00:00:00	20	2
-5.0	1.25
-10.0	1.1
-20.0	1.25
-30.0	1.26
-40.0	1.41
-50.0	1.15
-70.0	1.45
-90.0	2.22
-110.0	5.22
-130.0	6.17
-150.0	6.06
-200.0	6.93
-300.0	7.19
-400.0	7.26
-700.0	6.82
-800.0	6.78
-1000.0	6.6
-1250.0	7.45
-1500.0	6.12
-2000.0	6.38
1995-10-05 00:00:00	10	2
-10.0	0.08
-30.0	0.1
-40.0	1.16
-50.0	5.33
-70.0	6.99
-90.0	7.37
-110.0	7.55
-130.0	8.0
-150.0	7.99
-200.0	8.57
1992-12-16 00:00:00	33	2
-10.0	2.17
-20.0	1.76
-30.0	2.23
-40.0	1.74
-50.0	1.38
-60.0	2.05
-70.0	4.68
-80.0	4.01
-100.0	5.67
-120.0	6.54
-140.0	5.93
-160.0	7.65
-180.0	8.01
-200.0	8.2
-250.0	8.41
-300.0	6.66
-350.0	6.9
-400.0	8.04
-500.0	7.64
-600.0	6.69
-700.0	7.42
-800.0	7.79
-900.0	8.93
-1000.0	7.39
-1100.0	7.12
-1200.0	7.9
-1300.0	8.73
-1400.0	9.14
-1500.0	7.34
-1600.0	9.0
-1700.0	9.14
-1800.0	8.95
-2000.0	7.12
2003-02-15 00:00:00	21	2
-5.0	2.73
-10.0	2.88
-20.0	3.32
-30.0	3.57
-40.0	3.11
-50.0	3.49
-70.0	3.4
-90.0	2.91
-110.0	2.66
-130.0	2.78
-150.0	1.73
-200.0	3.82
-300.0	8.29
-400.0	7.68
-500.0	7.3
-600.0	6.3
-700.0	5.1
-800.0	5.7
-1000.0	5.27
-1250.0	6.14
-2000.0	6.5
1999-04-11 00:00:00	21	2
-5.0	0.51
-10.0	0.62
-20.0	0.8
-30.0	1.32
-40.0	1.54
-50.0	2.9
-70.0	4.02
-90.0	5.37
-110.0	5.45
-130.0	6.13
-150.0	6.53
-200.0	6.15
-300.0	7.47
-400.0	8.17
-500.0	8.47
-600.0	8.48
-700.0	8.4
-800.0	8.37
-1000.0	8.31
-1250.0	8.29
-2000.0	8.42
