1992-04-08 00:00:00	31	2
-10.0	0.15
-20.0	0.14
-30.0	0.09
-40.0	0.09
-50.0	0.08
-60.0	0.09
-70.0	0.09
-80.0	0.1
-90.0	0.09
-100.0	0.15
-120.0	0.15
-140.0	0.24
-180.0	0.31
-200.0	0.32
-250.0	0.34
-300.0	0.31
-350.0	0.26
-400.0	0.34
-450.0	0.33
-500.0	0.31
-600.0	0.24
-900.0	0.51
-1000.0	0.43
-1100.0	0.4
-1200.0	0.39
-1300.0	0.38
-1400.0	0.38
-1500.0	0.41
-1600.0	0.43
-1800.0	0.34
-1900.0	0.34
2005-08-02 00:00:00	18	2
-5.0	0.01
-10.0	0.02
-50.0	0.04
-70.0	0.21
-90.0	0.22
-130.0	0.29
-150.0	0.29
-200.0	0.28
-300.0	0.32
-400.0	0.33
-500.0	0.3
-600.0	0.29
-700.0	0.29
-800.0	0.32
-1000.0	0.33
-1250.0	0.28
-1500.0	0.29
-2000.0	0.25
1991-12-03 00:00:00	28	2
-80.0	0.06
-90.0	0.12
-100.0	0.14
-120.0	0.23
-140.0	0.27
-160.0	0.28
-180.0	0.33
-200.0	0.33
-250.0	0.37
-300.0	0.34
-350.0	0.37
-400.0	0.38
-450.0	0.4
-500.0	0.36
-600.0	0.43
-800.0	0.42
-900.0	0.38
-1000.0	0.43
-1100.0	0.43
-1200.0	0.45
-1300.0	0.43
-1400.0	0.44
-1500.0	0.41
-1600.0	0.42
-1700.0	0.42
-1800.0	0.42
-1900.0	0.41
-2000.0	0.42
1997-07-12 00:00:00	16	2
-5.0	0.03
-70.0	0.24
-90.0	0.3
-110.0	0.32
-130.0	0.35
-150.0	0.36
-200.0	0.38
-400.0	0.44
-500.0	0.44
-600.0	0.44
-700.0	0.43
-800.0	0.42
-1000.0	0.43
-1250.0	0.45
-1500.0	0.44
-2000.0	0.43
2002-10-14 00:00:00	22	2
-5.0	0.01
-10.0	0.01
-20.0	0.02
-30.0	0.08
-40.0	0.04
-50.0	0.05
-70.0	0.2
-90.0	0.29
-110.0	0.32
-130.0	0.34
-150.0	0.35
-200.0	0.38
-300.0	0.35
-400.0	0.45
-500.0	0.35
-600.0	0.38
-700.0	0.35
-800.0	0.33
-1000.0	0.34
-1250.0	0.35
-1500.0	0.37
-2000.0	0.34
1997-11-18 00:00:00	20	2
-5.0	0.04
-10.0	0.05
-20.0	0.04
-30.0	0.07
-40.0	0.08
-50.0	0.09
-70.0	0.12
-90.0	0.21
-110.0	0.25
-130.0	0.22
-150.0	0.25
-200.0	0.32
-300.0	0.35
-400.0	0.38
-500.0	0.37
-600.0	0.36
-700.0	0.36
-800.0	0.36
-1000.0	0.37
-2000.0	0.37
2005-03-29 00:00:00	22	2
-5.0	0.01
-10.0	0.01
-20.0	0.05
-30.0	0.04
-40.0	0.01
-50.0	0.04
-70.0	0.05
-90.0	0.06
-110.0	0.07
-130.0	0.09
-150.0	0.13
-200.0	0.22
-300.0	0.31
-400.0	0.31
-500.0	0.36
-600.0	0.38
-700.0	0.37
-800.0	0.39
-1000.0	0.42
-1250.0	0.42
-1500.0	0.42
-2000.0	0.43
1994-01-12 00:00:00	22	2
-5.0	0.26
-10.0	0.23
-20.0	0.23
-30.0	0.2
-40.0	0.18
-50.0	0.17
-70.0	0.19
-90.0	0.19
-110.0	0.19
-130.0	0.19
-150.0	0.17
-200.0	0.19
-300.0	0.24
-400.0	0.19
-500.0	0.19
-600.0	0.23
-700.0	0.36
-800.0	0.39
-1000.0	0.33
-1250.0	0.39
-1500.0	0.39
-2000.0	0.43
1995-06-08 00:00:00	19	2
-30.0	0.01
-40.0	0.04
-50.0	0.24
-70.0	0.33
-90.0	0.35
-110.0	0.35
-130.0	0.36
-150.0	0.35
-200.0	0.36
-300.0	0.4
-400.0	0.44
-500.0	0.45
-600.0	0.43
-700.0	0.46
-800.0	0.46
-1000.0	0.46
-1250.0	0.45
-1500.0	0.45
-2000.0	0.44
2001-05-23 00:00:00	22	2
-5.0	0.01
-10.0	0.01
-20.0	0.01
-30.0	0.01
-40.0	0.01
-50.0	0.01
-70.0	0.13
-90.0	0.22
-110.0	0.24
-130.0	0.23
-150.0	0.23
-200.0	0.24
-300.0	0.34
-400.0	0.34
-500.0	0.3
-600.0	0.29
-700.0	0.29
-800.0	0.31
-1000.0	0.28
-1250.0	0.26
-1500.0	0.31
-2000.0	0.3
2001-09-30 00:00:00	19	2
-20.0	0.04
-30.0	0.04
-40.0	0.04
-50.0	0.05
-90.0	0.29
-110.0	0.35
-130.0	0.35
-150.0	0.35
-200.0	0.4
-300.0	0.39
-400.0	0.42
-500.0	0.4
-600.0	0.39
-700.0	0.38
-800.0	0.38
-1000.0	0.39
-1250.0	0.4
-1500.0	0.4
-2000.0	0.38
2004-11-25 00:00:00	21	2
-5.0	0.06
-10.0	0.05
-20.0	0.06
-30.0	0.07
-40.0	0.05
-50.0	0.11
-70.0	0.14
-110.0	0.19
-130.0	0.19
-150.0	0.24
-200.0	0.28
-300.0	0.24
-400.0	0.28
-500.0	0.29
-600.0	0.32
-700.0	0.33
-800.0	0.33
-1000.0	0.35
-1250.0	0.35
-1500.0	0.35
-2000.0	0.32
2007-05-14 00:00:00	22	2
-5.0	0.11
-10.0	0.18
-20.0	0.14
-30.0	0.29
-40.0	0.12
-50.0	0.28
-70.0	0.28
-90.0	0.3
-110.0	0.32
-130.0	0.37
-150.0	0.38
-200.0	0.37
-300.0	0.34
-400.0	0.36
-500.0	0.37
-600.0	0.36
-700.0	0.37
-800.0	0.35
-1000.0	0.36
-1250.0	0.34
-1500.0	0.37
-2000.0	0.36
2005-12-19 00:00:00	20	2
-5.0	0.14
-10.0	0.14
-20.0	0.15
-40.0	0.16
-50.0	0.17
-70.0	0.19
-90.0	0.22
-110.0	0.19
-130.0	0.19
-150.0	0.2
-200.0	0.27
-300.0	0.27
-400.0	0.36
-500.0	0.38
-600.0	0.38
-700.0	0.38
-800.0	0.38
-1250.0	0.39
-1500.0	0.39
-2000.0	0.39
1995-02-10 00:00:00	16	2
-5.0	0.08
-10.0	0.06
-20.0	0.06
-30.0	0.07
-40.0	0.07
-50.0	0.12
-70.0	0.26
-90.0	0.31
-110.0	0.33
-130.0	0.32
-150.0	0.34
-200.0	0.37
-300.0	0.39
-400.0	0.42
-500.0	0.42
-600.0	0.43
2003-07-10 00:00:00	16	2
-40.0	0.02
-50.0	0.06
-70.0	0.22
-90.0	0.28
-110.0	0.3
-130.0	0.32
-150.0	0.33
-200.0	0.31
-300.0	0.33
-400.0	0.38
-500.0	0.39
-600.0	0.38
-700.0	0.4
-800.0	0.4
-1000.0	0.38
-1250.0	0.4
2004-07-28 00:00:00	11	2
-5.0	0.05
-20.0	0.04
-40.0	0.05
-50.0	0.09
-70.0	0.34
-110.0	0.39
-500.0	0.45
-600.0	0.44
-800.0	0.49
-1500.0	0.43
-2000.0	0.41
1996-03-01 00:00:00	22	2
-5.0	0.08
-10.0	0.08
-20.0	0.1
-30.0	0.1
-40.0	0.13
-50.0	0.15
-70.0	0.18
-90.0	0.25
-110.0	0.23
-130.0	0.3
-150.0	0.34
-200.0	0.37
-300.0	0.39
-400.0	0.36
-500.0	0.37
-600.0	0.36
-700.0	0.37
-800.0	0.37
-1000.0	0.37
-1250.0	0.37
-1500.0	0.37
-2000.0	0.36
2000-01-09 00:00:00	17	2
-5.0	0.09
-40.0	0.03
-50.0	0.05
-70.0	0.19
-90.0	0.16
-110.0	0.4
-130.0	0.37
-150.0	0.34
-400.0	0.37
-500.0	0.43
-600.0	0.45
-700.0	0.34
-800.0	0.26
-1000.0	0.45
-1250.0	0.27
-1500.0	0.39
-2000.0	0.46
1994-06-02 00:00:00	14	2
-5.0	0.03
-110.0	0.01
-130.0	0.02
-150.0	0.02
-300.0	0.26
-400.0	0.32
-500.0	0.25
-600.0	0.46
-700.0	0.25
-800.0	0.22
-1000.0	0.29
-1250.0	0.37
-1500.0	0.38
-2000.0	0.43
1997-03-22 00:00:00	12	2
-5.0	0.01
-10.0	0.02
-20.0	0.03
-30.0	0.03
-40.0	0.06
-50.0	0.1
-70.0	0.17
-90.0	0.22
-110.0	0.25
-130.0	0.29
-150.0	0.33
-200.0	0.34
1996-07-10 00:00:00	10	2
-5.0	0.03
-10.0	0.02
-20.0	0.02
-50.0	0.03
-70.0	0.18
-90.0	0.19
-110.0	0.2
-130.0	0.23
-150.0	0.24
-200.0	0.26
1997-12-04 00:00:00	20	2
-5.0	0.01
-10.0	0.01
-20.0	0.01
-40.0	0.01
-50.0	0.01
-70.0	0.06
-90.0	0.12
-110.0	0.1
-130.0	0.2
-150.0	0.22
-200.0	0.19
-300.0	0.36
-400.0	0.37
-500.0	0.37
-600.0	0.36
-700.0	0.36
-800.0	0.36
-1250.0	0.39
-1500.0	0.38
-2000.0	0.38
2000-09-23 00:00:00	22	2
-5.0	0.11
-10.0	0.1
-20.0	0.06
-30.0	0.09
-40.0	0.22
-50.0	0.23
-70.0	0.24
-90.0	0.23
-110.0	0.23
-130.0	0.29
-150.0	0.33
-200.0	0.33
-300.0	0.36
-400.0	0.36
-500.0	0.45
-600.0	0.45
-700.0	0.38
-800.0	0.37
-1000.0	0.34
-1250.0	0.36
-1500.0	0.34
-2000.0	0.36
2002-06-25 00:00:00	12	2
-5.0	0.03
-10.0	0.02
-20.0	0.02
-30.0	0.03
-40.0	0.02
-50.0	0.04
-70.0	0.22
-90.0	0.27
-110.0	0.28
-130.0	0.29
-150.0	0.23
-200.0	0.14
1998-08-18 00:00:00	22	2
-5.0	0.02
-10.0	0.02
-20.0	0.01
-30.0	0.02
-40.0	0.01
-50.0	0.03
-70.0	0.13
-90.0	0.25
-110.0	0.3
-130.0	0.32
-150.0	0.31
-200.0	0.33
-300.0	0.34
-400.0	0.38
-500.0	0.37
-600.0	0.36
-700.0	0.36
-800.0	0.34
-1000.0	0.36
-1250.0	0.36
-1500.0	0.35
-2000.0	0.4
2004-03-31 00:00:00	22	2
-5.0	0.13
-10.0	0.12
-20.0	0.12
-30.0	0.14
-40.0	0.13
-50.0	0.13
-70.0	0.14
-90.0	0.13
-110.0	0.15
-130.0	0.14
-150.0	0.15
-200.0	0.18
-300.0	0.24
-400.0	0.28
-500.0	0.34
-600.0	0.33
-700.0	0.31
-800.0	0.31
-1000.0	0.31
-1250.0	0.28
-1500.0	0.33
-2000.0	0.31
1994-02-01 00:00:00	22	2
-5.0	0.21
-10.0	0.19
-20.0	0.21
-30.0	0.25
-40.0	0.23
-50.0	0.23
-70.0	0.25
-90.0	0.23
-110.0	0.25
-130.0	0.27
-150.0	0.28
-200.0	0.28
-300.0	0.35
-400.0	0.32
-500.0	0.35
-600.0	0.43
-700.0	0.27
-800.0	0.33
-1000.0	0.29
-1250.0	0.4
-1500.0	0.36
-2000.0	0.47
2003-03-14 00:00:00	9	2
-20.0	0.02
-40.0	0.1
-50.0	0.06
-70.0	0.1
-90.0	0.12
-110.0	0.21
-130.0	0.2
-150.0	0.2
-200.0	0.26
2000-05-25 00:00:00	18	2
-40.0	0.11
-50.0	0.19
-70.0	0.1
-90.0	0.19
-110.0	0.11
-130.0	0.26
-150.0	0.2
-200.0	0.14
-300.0	0.2
-400.0	0.2
-500.0	0.2
-600.0	0.27
-700.0	0.32
-800.0	0.34
-1000.0	0.37
-1250.0	0.34
-1500.0	0.35
-2000.0	0.36
2004-12-14 00:00:00	17	2
-10.0	0.11
-30.0	0.13
-90.0	0.16
-110.0	0.21
-130.0	0.25
-150.0	0.3
-200.0	0.3
-300.0	0.34
-400.0	0.4
-500.0	0.4
-600.0	0.41
-700.0	0.41
-800.0	0.4
-1000.0	0.38
-1250.0	0.38
-1500.0	0.39
-2000.0	0.42
2006-05-11 00:00:00	11	2
-50.0	0.09
-110.0	0.34
-200.0	0.37
-300.0	0.3
-500.0	0.38
-700.0	0.39
-800.0	0.37
-1000.0	0.36
-1250.0	0.36
-1500.0	0.36
-2000.0	0.37
2007-01-22 00:00:00	19	2
-5.0	0.08
-10.0	0.09
-20.0	0.09
-30.0	0.17
-40.0	0.29
-50.0	0.33
-70.0	0.36
-90.0	0.37
-110.0	0.39
-150.0	0.39
-400.0	0.4
-500.0	0.41
-600.0	0.4
-700.0	0.41
-800.0	0.42
-1000.0	0.39
-1250.0	0.39
-1500.0	0.39
-2000.0	0.39
2007-05-31 00:00:00	22	2
-5.0	0.04
-10.0	0.06
-20.0	0.16
-30.0	0.22
-40.0	0.15
-50.0	0.24
-70.0	0.25
-90.0	0.25
-110.0	0.29
-130.0	0.31
-150.0	0.34
-200.0	0.36
-300.0	0.36
-400.0	0.35
-500.0	0.38
-600.0	0.37
-700.0	0.37
-800.0	0.36
-1000.0	0.36
-1250.0	0.53
-1500.0	0.34
-2000.0	0.33
1993-05-25 00:00:00	16	2
-70.0	0.24
-90.0	0.28
-110.0	0.3
-130.0	0.32
-150.0	0.32
-200.0	0.36
-300.0	0.39
-400.0	0.41
-500.0	0.41
-600.0	0.42
-700.0	0.4
-800.0	0.42
-1000.0	0.41
-1250.0	0.42
-1500.0	0.4
-2000.0	0.38
2003-11-30 00:00:00	18	2
-10.0	0.01
-40.0	0.01
-70.0	0.06
-90.0	0.08
-110.0	0.16
-130.0	0.13
-150.0	0.21
-200.0	0.28
-300.0	0.3
-400.0	0.3
-500.0	0.29
-600.0	0.26
-700.0	0.29
-800.0	0.3
-1000.0	0.28
-1250.0	0.28
-1500.0	0.29
-2000.0	0.3
2005-04-25 00:00:00	17	2
-50.0	0.02
-70.0	0.12
-90.0	0.14
-110.0	0.22
-130.0	0.25
-150.0	0.23
-200.0	0.3
-300.0	0.32
-400.0	0.34
-500.0	0.34
-600.0	0.31
-700.0	0.34
-800.0	0.35
-1000.0	0.35
-1250.0	0.36
-1500.0	0.36
-2000.0	0.36
1998-04-25 00:00:00	18	2
-5.0	0.06
-10.0	0.05
-20.0	0.04
-30.0	0.06
-40.0	0.17
-50.0	0.27
-70.0	0.33
-90.0	0.36
-110.0	0.4
-130.0	0.36
-400.0	0.45
-500.0	0.47
-600.0	0.47
-700.0	0.42
-800.0	0.41
-1000.0	0.48
-1250.0	0.43
-1500.0	0.49
1995-07-07 00:00:00	7	2
-5.0	0.02
-70.0	0.32
-90.0	0.35
-110.0	0.37
-130.0	0.36
-150.0	0.36
-200.0	0.39
1998-09-01 00:00:00	11	2
-5.0	0.01
-10.0	0.01
-30.0	0.01
-40.0	0.01
-50.0	0.01
-70.0	0.16
-90.0	0.22
-110.0	0.22
-130.0	0.29
-150.0	0.31
-200.0	0.33
1999-05-15 00:00:00	16	2
-5.0	0.16
-10.0	0.1
-20.0	0.12
-30.0	0.23
-40.0	0.11
-50.0	0.21
-70.0	0.35
-90.0	0.37
-110.0	0.4
-150.0	0.37
-200.0	0.39
-400.0	0.39
-500.0	0.39
-600.0	0.39
-1000.0	0.41
-2000.0	0.39
1995-11-15 00:00:00	7	2
-50.0	0.03
-70.0	0.17
-90.0	0.18
-110.0	0.21
-130.0	0.23
-150.0	0.26
-200.0	0.29
1996-12-03 00:00:00	18	2
-5.0	0.01
-10.0	0.01
-50.0	0.03
-70.0	0.03
-90.0	0.09
-110.0	0.19
-130.0	0.22
-150.0	0.3
-200.0	0.27
-300.0	0.36
-400.0	0.34
-500.0	0.31
-600.0	0.36
-700.0	0.32
-800.0	0.38
-1000.0	0.37
-1250.0	0.38
-1500.0	0.36
2003-08-01 00:00:00	16	2
-70.0	0.06
-90.0	0.15
-110.0	0.21
-130.0	0.22
-150.0	0.22
-200.0	0.29
-300.0	0.3
-400.0	0.29
-500.0	0.3
-600.0	0.27
-700.0	0.31
-800.0	0.32
-1000.0	0.32
-1250.0	0.31
-1500.0	0.29
-2000.0	0.29
2000-01-30 00:00:00	22	2
-5.0	0.2
-10.0	0.24
-20.0	0.24
-30.0	0.26
-40.0	0.23
-50.0	0.26
-70.0	0.26
-90.0	0.28
-110.0	0.31
-130.0	0.31
-150.0	0.29
-200.0	0.27
-300.0	0.35
-400.0	0.3
-500.0	0.35
-600.0	0.3
-700.0	0.31
-800.0	0.32
-1000.0	0.32
-1250.0	0.35
-1500.0	0.39
-2000.0	0.34
2001-10-31 00:00:00	21	2
-5.0	0.01
-10.0	0.02
-20.0	0.01
-30.0	0.02
-40.0	0.01
-50.0	0.04
-70.0	0.15
-90.0	0.2
-110.0	0.3
-130.0	0.34
-150.0	0.36
-200.0	0.37
-300.0	0.37
-400.0	0.44
-500.0	0.41
-600.0	0.37
-700.0	0.37
-1000.0	0.38
-1250.0	0.4
-1500.0	0.4
-2000.0	0.39
1992-09-21 00:00:00	30	2
-10.0	0.04
-20.0	0.01
-30.0	0.08
-40.0	0.08
-50.0	0.1
-60.0	0.09
-70.0	0.19
-80.0	0.36
-90.0	0.39
-100.0	0.23
-140.0	0.25
-160.0	0.26
-180.0	0.25
-200.0	0.32
-250.0	0.32
-350.0	0.34
-400.0	0.38
-450.0	0.46
-500.0	0.36
-600.0	0.38
-800.0	0.33
-900.0	0.29
-1000.0	0.34
-1100.0	0.38
-1300.0	0.45
-1500.0	0.32
-1600.0	0.35
-1800.0	0.51
-1900.0	0.36
-2000.0	0.3
1991-09-05 00:00:00	25	2
-60.0	0.01
-70.0	0.04
-80.0	0.06
-90.0	0.28
-100.0	0.28
-140.0	0.27
-160.0	0.36
-200.0	0.32
-250.0	0.39
-350.0	0.38
-400.0	0.38
-500.0	0.41
-600.0	0.44
-700.0	0.44
-800.0	0.43
-1000.0	0.45
-1100.0	0.45
-1200.0	0.46
-1300.0	0.47
-1400.0	0.46
-1500.0	0.44
-1600.0	0.45
-1700.0	0.45
-1800.0	0.44
-2000.0	0.42
2001-02-20 00:00:00	22	2
-5.0	0.08
-10.0	0.05
-20.0	0.08
-30.0	0.05
-40.0	0.04
-50.0	0.07
-70.0	0.09
-90.0	0.08
-110.0	0.12
-130.0	0.23
-150.0	0.27
-200.0	0.25
-300.0	0.38
-400.0	0.37
-500.0	0.29
-600.0	0.39
-700.0	0.4
-800.0	0.36
-1000.0	0.34
-1250.0	0.39
-1500.0	0.42
-2000.0	0.4
1995-03-09 00:00:00	12	2
-5.0	0.12
-10.0	0.11
-20.0	0.12
-30.0	0.13
-40.0	0.15
-50.0	0.19
-70.0	0.32
-90.0	0.33
-110.0	0.34
-130.0	0.35
-150.0	0.36
-200.0	0.39
1997-04-15 00:00:00	18	2
-40.0	0.01
-50.0	0.04
-70.0	0.19
-90.0	0.26
-110.0	0.29
-130.0	0.33
-150.0	0.34
-200.0	0.35
-300.0	0.33
-400.0	0.31
-500.0	0.31
-600.0	0.32
-700.0	0.32
-800.0	0.37
-1000.0	0.34
-1250.0	0.36
-1500.0	0.35
-2000.0	0.35
2001-06-29 00:00:00	21	2
-10.0	0.03
-20.0	0.02
-30.0	0.05
-40.0	0.08
-50.0	0.1
-70.0	0.23
-90.0	0.23
-110.0	0.21
-130.0	0.31
-150.0	0.31
-200.0	0.39
-300.0	0.35
-400.0	0.37
-500.0	0.4
-600.0	0.32
-700.0	0.36
-800.0	0.43
-1000.0	0.37
-1250.0	0.43
-1500.0	0.36
-2000.0	0.38
2002-07-19 00:00:00	12	2
-5.0	0.02
-10.0	0.02
-20.0	0.02
-30.0	0.02
-40.0	0.03
-50.0	0.07
-70.0	0.08
-90.0	0.2
-110.0	0.27
-130.0	0.24
-150.0	0.26
-200.0	0.33
1992-05-21 00:00:00	22	2
-10.0	0.01
-20.0	0.02
-30.0	0.02
-40.0	0.01
-70.0	0.01
-80.0	0.17
-90.0	0.2
-100.0	0.27
-120.0	0.28
-140.0	0.31
-160.0	0.31
-900.0	0.4
-1000.0	0.42
-1100.0	0.42
-1200.0	0.43
-1300.0	0.43
-1400.0	0.44
-1500.0	0.45
-1600.0	0.47
-1700.0	0.47
-1800.0	0.47
-1900.0	0.46
1998-05-06 00:00:00	22	2
-5.0	0.02
-10.0	0.04
-20.0	0.02
-30.0	0.04
-40.0	0.03
-50.0	0.06
-70.0	0.2
-90.0	0.22
-110.0	0.27
-130.0	0.32
-150.0	0.33
-200.0	0.36
-300.0	0.37
-400.0	0.38
-500.0	0.41
-600.0	0.38
-700.0	0.34
-800.0	0.38
-1000.0	0.38
-1250.0	0.39
-1500.0	0.39
-2000.0	0.37
2000-06-12 00:00:00	17	2
-50.0	0.01
-70.0	0.16
-90.0	0.2
-110.0	0.26
-130.0	0.27
-150.0	0.27
-200.0	0.29
-300.0	0.33
-400.0	0.32
-500.0	0.34
-600.0	0.33
-700.0	0.33
-800.0	0.31
-1000.0	0.3
-1250.0	0.33
-1500.0	0.34
-2000.0	0.33
2002-11-25 00:00:00	22	2
-5.0	0.01
-10.0	0.02
-20.0	0.01
-30.0	0.01
-40.0	0.02
-50.0	0.08
-70.0	0.14
-90.0	0.16
-110.0	0.19
-130.0	0.19
-150.0	0.21
-200.0	0.29
-300.0	0.34
-400.0	0.36
-500.0	0.35
-600.0	0.33
-700.0	0.36
-800.0	0.34
-1000.0	0.36
-1250.0	0.34
-1500.0	0.21
-2000.0	0.31
2006-10-06 00:00:00	14	2
-5.0	0.07
-10.0	0.14
-20.0	0.16
-30.0	0.16
-40.0	0.33
-45.0	0.38
-400.0	0.43
-500.0	0.45
-600.0	0.46
-700.0	0.45
-800.0	0.41
-1000.0	0.41
-1500.0	0.39
-2000.0	0.39
2002-03-18 00:00:00	20	2
-5.0	0.01
-10.0	0.02
-20.0	0.02
-30.0	0.01
-40.0	0.05
-50.0	0.08
-70.0	0.08
-90.0	0.12
-110.0	0.17
-130.0	0.29
-150.0	0.29
-200.0	0.33
-400.0	0.29
-500.0	0.4
-600.0	0.39
-700.0	0.39
-1000.0	0.4
-1250.0	0.41
-1500.0	0.42
-2000.0	0.38
2004-08-30 00:00:00	22	2
-5.0	0.08
-10.0	0.07
-20.0	0.07
-30.0	0.07
-40.0	0.09
-50.0	0.15
-70.0	0.25
-90.0	0.25
-110.0	0.27
-130.0	0.26
-150.0	0.27
-200.0	0.28
-300.0	0.32
-400.0	0.32
-500.0	0.32
-600.0	0.32
-700.0	0.33
-800.0	0.33
-1000.0	0.32
-1250.0	0.31
-1500.0	0.28
-2000.0	0.32
2000-06-17 00:00:00	18	2
-40.0	0.06
-50.0	0.2
-70.0	0.27
-90.0	0.26
-110.0	0.27
-130.0	0.28
-150.0	0.36
-200.0	0.31
-300.0	0.35
-400.0	0.37
-500.0	0.35
-600.0	0.31
-700.0	0.31
-800.0	0.34
-1000.0	0.38
-1250.0	0.35
-1500.0	0.34
-2000.0	0.39
1992-01-20 00:00:00	27	2
-10.0	0.28
-20.0	0.24
-30.0	0.21
-40.0	0.23
-50.0	0.23
-60.0	0.21
-70.0	0.22
-80.0	0.22
-100.0	0.21
-120.0	0.2
-140.0	0.35
-160.0	0.37
-400.0	0.46
-450.0	0.47
-500.0	0.48
-600.0	0.5
-700.0	0.5
-800.0	0.52
-900.0	0.5
-1000.0	0.5
-1100.0	0.5
-1200.0	0.51
-1300.0	0.52
-1500.0	0.53
-1600.0	0.53
-1700.0	0.52
-1800.0	0.51
2001-11-12 00:00:00	19	2
-5.0	0.04
-10.0	0.04
-20.0	0.03
-30.0	0.03
-40.0	0.05
-50.0	0.05
-70.0	0.04
-110.0	0.18
-130.0	0.32
-150.0	0.32
-200.0	0.35
-300.0	0.4
-400.0	0.4
-700.0	0.4
-800.0	0.39
-1000.0	0.39
-1250.0	0.4
-1500.0	0.4
-2000.0	0.39
2003-04-08 00:00:00	22	2
-5.0	0.03
-10.0	0.03
-20.0	0.04
-30.0	0.03
-40.0	0.03
-50.0	0.04
-70.0	0.04
-90.0	0.04
-110.0	0.05
-130.0	0.05
-150.0	0.05
-200.0	0.16
-300.0	0.3
-400.0	0.32
-500.0	0.3
-600.0	0.3
-700.0	0.3
-800.0	0.31
-1000.0	0.32
-1250.0	0.24
-1500.0	0.32
-2000.0	0.32
2004-04-26 00:00:00	16	2
-30.0	0.02
-40.0	0.02
-50.0	0.01
-90.0	0.08
-110.0	0.18
-130.0	0.24
-300.0	0.33
-400.0	0.36
-500.0	0.33
-600.0	0.36
-700.0	0.34
-800.0	0.36
-1000.0	0.33
-1250.0	0.35
-1500.0	0.35
-2000.0	0.32
1994-07-05 00:00:00	22	2
-5.0	0.03
-10.0	0.22
-20.0	0.03
-30.0	0.02
-40.0	0.04
-50.0	0.08
-70.0	0.22
-90.0	0.24
-110.0	0.27
-130.0	0.31
-150.0	0.32
-200.0	0.36
-300.0	0.37
-400.0	0.39
-500.0	0.39
-600.0	0.39
-700.0	0.4
-800.0	0.4
-1000.0	0.42
-1250.0	0.41
-1500.0	0.4
-2000.0	0.4
1996-04-05 00:00:00	22	2
-5.0	0.06
-10.0	0.09
-20.0	0.09
-30.0	0.11
-40.0	0.12
-50.0	0.17
-70.0	0.27
-90.0	0.28
-110.0	0.33
-130.0	0.34
-150.0	0.34
-200.0	0.38
-300.0	0.39
-400.0	0.43
-500.0	0.44
-600.0	0.42
-700.0	0.45
-800.0	0.42
-1000.0	0.46
-1250.0	0.44
-1500.0	0.45
-2000.0	0.48
1997-09-01 00:00:00	19	2
-5.0	0.02
-10.0	0.04
-20.0	0.01
-30.0	0.01
-50.0	0.04
-70.0	0.27
-90.0	0.33
-110.0	0.35
-130.0	0.35
-150.0	0.37
-200.0	0.39
-300.0	0.39
-400.0	0.38
-500.0	0.39
-600.0	0.39
-700.0	0.35
-800.0	0.35
-1000.0	0.38
-1250.0	0.37
2007-06-25 00:00:00	16	2
-5.0	0.13
-10.0	0.25
-20.0	0.06
-30.0	0.18
-40.0	0.23
-50.0	0.34
-300.0	0.33
-400.0	0.34
-500.0	0.34
-600.0	0.08
-700.0	0.33
-800.0	0.04
-1000.0	0.33
-1250.0	0.32
-1500.0	0.31
-2000.0	0.31
1994-03-04 00:00:00	18	2
-5.0	0.14
-10.0	0.15
-20.0	0.15
-30.0	0.15
-40.0	0.11
-50.0	0.2
-70.0	0.33
-90.0	0.38
-300.0	0.39
-400.0	0.4
-500.0	0.4
-600.0	0.43
-700.0	0.46
-800.0	0.46
-1000.0	0.47
-1250.0	0.47
-1500.0	0.47
-2000.0	0.46
2005-09-27 00:00:00	18	2
-20.0	0.02
-50.0	0.05
-70.0	0.11
-90.0	0.25
-110.0	0.28
-130.0	0.3
-150.0	0.31
-200.0	0.35
-300.0	0.31
-400.0	0.18
-500.0	0.34
-600.0	0.35
-700.0	0.36
-800.0	0.34
-1000.0	0.35
-1250.0	0.35
-1500.0	0.35
-2000.0	0.36
1993-06-23 00:00:00	3	2
-30.0	0.04
-40.0	0.05
-70.0	0.1
2006-10-17 00:00:00	20	2
-5.0	0.07
-20.0	0.06
-30.0	0.07
-40.0	0.09
-50.0	0.08
-70.0	0.36
-90.0	0.37
-110.0	0.38
-130.0	0.39
-150.0	0.39
-200.0	0.4
-400.0	0.41
-500.0	0.42
-600.0	0.41
-700.0	0.4
-800.0	0.4
-1000.0	0.4
-1250.0	0.39
-1500.0	0.39
-2000.0	0.38
2006-02-04 00:00:00	12	2
-5.0	0.31
-10.0	0.26
-20.0	0.26
-40.0	0.34
-50.0	0.36
-400.0	0.49
-500.0	0.5
-600.0	0.33
-700.0	0.47
-1000.0	0.48
-1250.0	0.48
-1500.0	0.49
1992-10-13 00:00:00	26	2
-20.0	0.12
-40.0	0.13
-50.0	0.1
-60.0	0.1
-70.0	0.08
-80.0	0.23
-100.0	0.32
-120.0	0.33
-180.0	0.38
-200.0	0.22
-250.0	0.32
-300.0	0.28
-400.0	0.32
-500.0	0.3
-600.0	0.36
-900.0	0.38
-1000.0	0.29
-1200.0	0.62
-1300.0	0.44
-1400.0	0.44
-1500.0	0.43
-1600.0	0.37
-1700.0	0.39
-1800.0	0.54
-1900.0	0.39
-2000.0	0.32
2000-02-22 00:00:00	19	2
-5.0	0.11
-10.0	0.11
-20.0	0.15
-30.0	0.2
-50.0	0.14
-90.0	0.21
-110.0	0.26
-130.0	0.23
-150.0	0.24
-200.0	0.27
-400.0	0.25
-500.0	0.24
-600.0	0.29
-700.0	0.31
-800.0	0.32
-1000.0	0.32
-1250.0	0.38
-1500.0	0.34
-2000.0	0.37
1999-02-04 00:00:00	11	2
-200.0	0.19
-250.0	0.23
-300.0	0.32
-400.0	0.25
-500.0	0.33
-600.0	0.35
-700.0	0.24
-800.0	0.29
-1000.0	0.26
-1250.0	0.3
-2000.0	0.29
1999-06-12 00:00:00	15	2
-70.0	0.16
-90.0	0.24
-110.0	0.33
-130.0	0.32
-150.0	0.33
-200.0	0.35
-400.0	0.42
-500.0	0.4
-600.0	0.4
-700.0	0.39
-800.0	0.38
-1000.0	0.37
-1250.0	0.4
-1500.0	0.38
-2000.0	0.4
1996-08-25 00:00:00	18	2
-10.0	0.04
-20.0	0.03
-30.0	0.01
-50.0	0.02
-70.0	0.04
-110.0	0.24
-130.0	0.26
-150.0	0.28
-200.0	0.3
-400.0	0.32
-500.0	0.32
-600.0	0.32
-700.0	0.32
-800.0	0.33
-1000.0	0.33
-1250.0	0.34
-1500.0	0.34
-2000.0	0.33
2002-04-05 00:00:00	12	2
-5.0	0.02
-10.0	0.05
-20.0	0.06
-30.0	0.03
-40.0	0.03
-50.0	0.06
-70.0	0.1
-90.0	0.11
-110.0	0.12
-130.0	0.22
-150.0	0.25
-200.0	0.26
1993-11-07 00:00:00	21	2
-5.0	0.07
-10.0	0.05
-30.0	0.1
-40.0	0.1
-50.0	0.09
-70.0	0.15
-90.0	0.23
-110.0	0.26
-130.0	0.24
-150.0	0.23
-200.0	0.25
-300.0	0.34
-400.0	0.38
-500.0	0.43
-600.0	0.43
-700.0	0.48
-800.0	0.43
-1000.0	0.49
-1250.0	0.49
-1500.0	0.47
-2000.0	0.47
2001-11-30 00:00:00	19	2
-5.0	0.03
-10.0	0.03
-20.0	0.04
-30.0	0.04
-40.0	0.03
-50.0	0.06
-70.0	0.13
-90.0	0.21
-110.0	0.23
-130.0	0.23
-140.0	0.28
-200.0	0.24
-500.0	0.34
-700.0	0.35
-800.0	0.34
-1000.0	0.31
-1250.0	0.31
-1500.0	0.36
-2000.0	0.33
1991-10-03 00:00:00	35	2
-10.0	0.04
-20.0	0.03
-30.0	0.03
-40.0	0.04
-50.0	0.04
-60.0	0.04
-70.0	0.16
-80.0	0.27
-90.0	0.24
-100.0	0.26
-120.0	0.33
-140.0	0.35
-180.0	0.37
-200.0	0.36
-250.0	0.37
-300.0	0.4
-350.0	0.4
-400.0	0.41
-450.0	0.41
-500.0	0.41
-600.0	0.42
-700.0	0.43
-800.0	0.45
-900.0	0.44
-1000.0	0.44
-1100.0	0.46
-1200.0	0.44
-1300.0	0.42
-1400.0	0.43
-1500.0	0.43
-1600.0	0.41
-1700.0	0.41
-1800.0	0.43
-1900.0	0.41
-2000.0	0.42
2004-09-20 00:00:00	9	2
-5.0	0.02
-10.0	0.02
-20.0	0.02
-70.0	0.04
-90.0	0.22
-110.0	0.24
-130.0	0.25
-150.0	0.29
-200.0	0.26
1993-07-05 00:00:00	6	2
-70.0	0.2
-90.0	0.26
-110.0	0.3
-130.0	0.27
-150.0	0.31
-200.0	0.29
1997-05-15 00:00:00	21	2
-10.0	0.01
-20.0	0.02
-30.0	0.01
-50.0	0.01
-70.0	0.2
-90.0	0.26
-110.0	0.31
-130.0	0.3
-150.0	0.35
-200.0	0.34
-400.0	0.43
-500.0	0.39
-600.0	0.37
-700.0	0.41
-800.0	0.39
-1000.0	0.41
-1250.0	0.35
-1500.0	0.4
-2000.0	0.4
-2300.0	0.4
-2383.0	0.39
1998-01-26 00:00:00	12	2
-5.0	0.01
-10.0	0.03
-20.0	0.05
-30.0	0.05
-40.0	0.08
-50.0	0.1
-70.0	0.12
-90.0	0.27
-110.0	0.27
-130.0	0.28
-150.0	0.29
-200.0	0.36
1999-10-28 00:00:00	16	2
-50.0	0.01
-70.0	0.07
-90.0	0.19
-110.0	0.24
-130.0	0.27
-150.0	0.32
-200.0	0.31
-300.0	0.36
-400.0	0.35
-600.0	0.36
-700.0	0.35
-800.0	0.33
-1000.0	0.36
-1250.0	0.37
-1500.0	0.4
-2000.0	0.37
2001-07-29 00:00:00	16	2
-40.0	0.02
-50.0	0.14
-70.0	0.25
-90.0	0.3
-110.0	0.3
-130.0	0.29
-150.0	0.32
-200.0	0.33
-500.0	0.33
-600.0	0.3
-700.0	0.34
-800.0	0.35
-1000.0	0.35
-1250.0	0.32
-1500.0	0.32
-2000.0	0.32
1991-01-24 00:00:00	33	2
-10.0	0.11
-20.0	0.13
-30.0	0.1
-40.0	0.11
-50.0	0.13
-60.0	0.11
-90.0	0.18
-100.0	0.22
-120.0	0.18
-140.0	0.11
-160.0	0.15
-180.0	0.16
-200.0	0.14
-250.0	0.25
-350.0	0.27
-400.0	0.27
-450.0	0.45
-500.0	0.46
-600.0	0.56
-700.0	0.39
-800.0	0.4
-900.0	0.53
-1000.0	0.38
-1100.0	0.27
-1200.0	0.43
-1300.0	0.42
-1400.0	0.5
-1500.0	0.37
-1600.0	0.33
-1700.0	0.37
-1800.0	0.43
-1900.0	0.31
-2000.0	0.45
1998-10-10 00:00:00	8	2
-40.0	0.03
-50.0	0.12
-70.0	0.2
-90.0	0.22
-110.0	0.26
-130.0	0.26
-150.0	0.29
-200.0	0.29
2002-08-18 00:00:00	12	2
-5.0	0.04
-10.0	0.04
-20.0	0.02
-30.0	0.02
-40.0	0.03
-50.0	0.13
-70.0	0.21
-90.0	0.22
-110.0	0.24
-130.0	0.35
-150.0	0.32
-200.0	0.34
1995-04-10 00:00:00	17	2
-10.0	0.02
-20.0	0.02
-30.0	0.08
-40.0	0.11
-50.0	0.16
-70.0	0.17
-90.0	0.22
-110.0	0.22
-130.0	0.25
-150.0	0.24
-200.0	0.25
-300.0	0.31
-400.0	0.36
-600.0	0.36
-700.0	0.36
-800.0	0.38
-1000.0	0.39
2005-06-09 00:00:00	15	2
-10.0	0.02
-90.0	0.19
-110.0	0.21
-130.0	0.21
-150.0	0.24
-200.0	0.26
-300.0	0.33
-400.0	0.24
-500.0	0.35
-600.0	0.35
-700.0	0.32
-800.0	0.31
-1000.0	0.32
-1250.0	0.34
-1500.0	0.39
2007-07-17 00:00:00	19	2
-5.0	0.03
-10.0	0.03
-20.0	0.05
-30.0	0.07
-40.0	0.08
-50.0	0.13
-70.0	0.15
-90.0	0.19
-110.0	0.29
-200.0	0.35
-300.0	0.33
-400.0	0.34
-500.0	0.37
-600.0	0.35
-700.0	0.35
-800.0	0.37
-1000.0	0.36
-1500.0	0.43
-2000.0	0.36
2005-02-03 00:00:00	22	2
-5.0	0.18
-10.0	0.2
-20.0	0.22
-30.0	0.22
-40.0	0.22
-50.0	0.23
-70.0	0.24
-90.0	0.24
-110.0	0.24
-130.0	0.25
-150.0	0.24
-200.0	0.24
-300.0	0.25
-400.0	0.25
-500.0	0.25
-600.0	0.34
-700.0	0.36
-800.0	0.36
-1000.0	0.35
-1250.0	0.31
-1500.0	0.36
-2000.0	0.35
2006-06-30 00:00:00	20	2
-5.0	0.12
-10.0	0.12
-20.0	0.11
-30.0	0.09
-50.0	0.21
-70.0	0.38
-90.0	0.39
-110.0	0.23
-130.0	0.26
-150.0	0.26
-200.0	0.3
-300.0	0.35
-400.0	0.31
-500.0	0.44
-600.0	0.44
-700.0	0.28
-800.0	0.27
-1000.0	0.42
-1500.0	0.17
-2000.0	0.16
1999-02-21 00:00:00	22	2
-5.0	0.05
-10.0	0.08
-20.0	0.14
-30.0	0.15
-40.0	0.18
-50.0	0.21
-70.0	0.18
-90.0	0.16
-110.0	0.21
-130.0	0.23
-150.0	0.29
-200.0	0.34
-300.0	0.34
-400.0	0.34
-500.0	0.34
-600.0	0.31
-700.0	0.34
-800.0	0.32
-1000.0	0.32
-1250.0	0.32
-1500.0	0.35
-2000.0	0.32
2006-07-03 00:00:00	1	2
-70.0	0.1
1992-02-20 00:00:00	33	2
-10.0	0.11
-20.0	0.12
-30.0	0.1
-40.0	0.11
-50.0	0.1
-60.0	0.1
-70.0	0.1
-80.0	0.09
-100.0	0.1
-120.0	0.1
-140.0	0.21
-160.0	0.3
-180.0	0.32
-200.0	0.33
-250.0	0.33
-300.0	0.35
-350.0	0.36
-400.0	0.35
-500.0	0.38
-600.0	0.38
-700.0	0.38
-800.0	0.4
-900.0	0.44
-1000.0	0.45
-1100.0	0.46
-1200.0	0.46
-1300.0	0.46
-1400.0	0.45
-1500.0	0.45
-1700.0	0.44
-1800.0	0.44
-1900.0	0.43
-2000.0	0.41
2006-11-09 00:00:00	16	2
-5.0	0.09
-10.0	0.09
-30.0	0.06
-50.0	0.07
-70.0	0.23
-90.0	0.27
-130.0	0.3
-400.0	0.43
-500.0	0.43
-600.0	0.32
-700.0	0.29
-800.0	0.42
-1000.0	0.42
-1250.0	0.41
-1500.0	0.39
-2000.0	0.14
1999-02-24 00:00:00	11	2
-5.0	0.14
-10.0	0.17
-20.0	0.15
-30.0	0.19
-40.0	0.23
-50.0	0.2
-70.0	0.26
-90.0	0.21
-110.0	0.22
-130.0	0.25
-200.0	0.29
1992-06-29 00:00:00	24	2
-80.0	0.11
-100.0	0.18
-120.0	0.25
-140.0	0.27
-160.0	0.27
-180.0	0.29
-200.0	0.29
-250.0	0.32
-300.0	0.33
-400.0	0.34
-500.0	0.36
-600.0	0.32
-700.0	0.35
-800.0	0.37
-900.0	0.37
-1000.0	0.37
-1200.0	0.36
-1300.0	0.37
-1400.0	0.36
-1500.0	0.36
-1600.0	0.36
-1700.0	0.36
-1800.0	0.35
-2000.0	0.35
1998-02-06 00:00:00	22	2
-5.0	0.05
-10.0	0.06
-20.0	0.07
-30.0	0.07
-50.0	0.07
-70.0	0.09
-90.0	0.08
-110.0	0.1
-130.0	0.19
-150.0	0.24
-200.0	0.24
-300.0	0.39
-400.0	0.4
-500.0	0.43
-600.0	0.44
-700.0	0.43
-800.0	0.43
-1000.0	0.43
-1250.0	0.43
-1500.0	0.45
-2000.0	0.44
-2100.0	0.43
2000-07-21 00:00:00	11	2
-20.0	0.13
-30.0	0.18
-40.0	0.14
-50.0	0.31
-70.0	0.33
-130.0	0.2
-150.0	0.27
-500.0	0.31
-700.0	0.32
-1250.0	0.33
-1500.0	0.37
1991-06-13 00:00:00	27	2
-10.0	0.1
-20.0	0.06
-30.0	0.04
-40.0	0.11
-50.0	0.38
-60.0	0.36
-80.0	0.37
-90.0	0.36
-100.0	0.31
-120.0	0.28
-140.0	0.36
-160.0	0.37
-180.0	0.34
-200.0	0.34
-250.0	0.37
-400.0	0.5
-450.0	0.46
-600.0	0.48
-700.0	0.45
-900.0	0.44
-1000.0	0.42
-1100.0	0.48
-1500.0	0.5
-1700.0	0.48
-1800.0	0.52
-1900.0	0.5
-2000.0	0.48
1998-06-16 00:00:00	20	2
-5.0	0.02
-10.0	0.03
-20.0	0.02
-30.0	0.01
-40.0	0.01
-50.0	0.03
-70.0	0.2
-90.0	0.24
-110.0	0.3
-130.0	0.32
-150.0	0.35
-200.0	0.38
-400.0	0.43
-600.0	0.43
-700.0	0.42
-800.0	0.41
-1000.0	0.43
-1250.0	0.44
-1500.0	0.45
-2000.0	0.43
2005-10-25 00:00:00	17	2
-20.0	0.02
-30.0	0.01
-90.0	0.22
-110.0	0.28
-130.0	0.25
-150.0	0.27
-200.0	0.29
-300.0	0.31
-400.0	0.33
-500.0	0.35
-600.0	0.36
-700.0	0.36
-800.0	0.36
-1000.0	0.36
-1250.0	0.37
-1500.0	0.37
-2000.0	0.36
2003-05-14 00:00:00	19	2
-10.0	0.01
-20.0	0.02
-50.0	0.07
-70.0	0.13
-90.0	0.15
-110.0	0.18
-130.0	0.24
-150.0	0.24
-200.0	0.22
-300.0	0.28
-400.0	0.26
-500.0	0.28
-600.0	0.28
-700.0	0.29
-800.0	0.31
-1000.0	0.26
-1250.0	0.28
-1500.0	0.27
-2000.0	0.3
2004-06-01 00:00:00	10	2
-5.0	0.02
-10.0	0.01
-20.0	0.01
-30.0	0.02
-50.0	0.14
-70.0	0.24
-90.0	0.25
-110.0	0.28
-130.0	0.3
-150.0	0.23
1991-02-07 00:00:00	11	2
-10.0	0.13
-20.0	0.15
-30.0	0.14
-40.0	0.14
-50.0	0.17
-60.0	0.25
-70.0	0.2
-80.0	0.15
-100.0	0.28
-120.0	0.19
-140.0	0.3
2003-09-20 00:00:00	18	2
-20.0	0.17
-30.0	0.21
-70.0	0.08
-90.0	0.17
-110.0	0.2
-130.0	0.19
-150.0	0.18
-200.0	0.38
-300.0	0.38
-400.0	0.4
-500.0	0.39
-600.0	0.37
-700.0	0.35
-1000.0	0.35
-1240.0	0.33
-1500.0	0.38
-2000.0	0.36
-2010.0	0.41
2004-01-26 00:00:00	19	2
-5.0	0.06
-10.0	0.06
-20.0	0.1
-30.0	0.1
-40.0	0.1
-50.0	0.11
-70.0	0.12
-90.0	0.21
-110.0	0.25
-130.0	0.28
-150.0	0.25
-200.0	0.25
-300.0	0.31
-400.0	0.29
-500.0	0.29
-600.0	0.29
-1250.0	0.31
-1500.0	0.27
-2000.0	0.29
1991-02-08 00:00:00	33	2
-10.0	0.17
-20.0	0.12
-30.0	0.2
-40.0	0.31
-50.0	0.33
-60.0	0.11
-70.0	0.19
-80.0	0.18
-90.0	0.24
-100.0	0.4
-120.0	0.35
-140.0	0.31
-160.0	0.3
-200.0	0.36
-300.0	0.38
-350.0	0.38
-400.0	0.41
-450.0	0.4
-500.0	0.5
-600.0	0.46
-700.0	0.4
-800.0	0.39
-900.0	0.39
-1000.0	0.49
-1100.0	0.4
-1200.0	0.49
-1300.0	0.43
-1400.0	0.43
-1500.0	0.45
-1700.0	0.46
-1800.0	0.46
-1900.0	0.5
-2000.0	0.41
1992-11-09 00:00:00	17	2
-10.0	0.04
-30.0	0.01
-60.0	0.2
-80.0	0.31
-100.0	0.3
-120.0	0.28
-140.0	0.26
-160.0	0.29
-250.0	0.39
-400.0	0.3
-500.0	0.4
-800.0	0.46
-1000.0	0.47
-1200.0	0.39
-1400.0	0.3
-1600.0	0.31
-1800.0	0.28
1994-04-07 00:00:00	16	2
-5.0	0.04
-10.0	0.03
-20.0	0.06
-30.0	0.07
-40.0	0.09
-50.0	0.13
-70.0	0.24
-90.0	0.22
-110.0	0.25
-130.0	0.36
-150.0	0.26
-200.0	0.29
-300.0	0.29
-400.0	0.35
-500.0	0.38
-2000.0	0.37
1993-12-06 00:00:00	22	2
-5.0	0.05
-10.0	0.04
-20.0	0.05
-30.0	0.05
-40.0	0.11
-50.0	0.17
-70.0	0.19
-90.0	0.25
-110.0	0.27
-130.0	0.27
-150.0	0.3
-200.0	0.32
-300.0	0.37
-400.0	0.21
-500.0	0.4
-600.0	0.4
-700.0	0.43
-800.0	0.44
-1000.0	0.46
-1250.0	0.44
-1500.0	0.43
-2000.0	0.41
2000-03-28 00:00:00	12	2
-5.0	0.14
-10.0	0.12
-20.0	0.11
-30.0	0.14
-40.0	0.11
-50.0	0.15
-70.0	0.25
-90.0	0.25
-110.0	0.24
-130.0	0.33
-150.0	0.33
-200.0	0.32
2005-07-02 00:00:00	21	2
-5.0	0.02
-10.0	0.02
-20.0	0.02
-30.0	0.06
-40.0	0.05
-50.0	0.16
-70.0	0.23
-90.0	0.26
-110.0	0.26
-130.0	0.27
-150.0	0.27
-200.0	0.33
-300.0	0.35
-400.0	0.35
-500.0	0.35
-600.0	0.36
-700.0	0.37
-800.0	0.36
-1000.0	0.37
-1250.0	0.38
-1500.0	0.38
1996-05-23 00:00:00	20	2
-5.0	0.05
-10.0	0.06
-20.0	0.04
-30.0	0.05
-40.0	0.08
-50.0	0.24
-70.0	0.3
-90.0	0.34
-110.0	0.36
-130.0	0.37
-150.0	0.4
-400.0	0.44
-500.0	0.43
-600.0	0.44
-700.0	0.44
-800.0	0.46
-1000.0	0.46
-1250.0	0.45
-1500.0	0.45
-2000.0	0.43
2007-04-04 00:00:00	9	2
-400.0	0.42
-500.0	0.56
-600.0	0.55
-700.0	0.52
-800.0	0.66
-1000.0	0.57
-1250.0	0.52
-1500.0	0.52
-2000.0	0.52
2002-09-14 00:00:00	22	2
-5.0	0.04
-10.0	0.04
-20.0	0.02
-30.0	0.02
-40.0	0.02
-50.0	0.01
-70.0	0.09
-90.0	0.28
-110.0	0.31
-130.0	0.33
-150.0	0.33
-200.0	0.35
-300.0	0.38
-400.0	0.37
-500.0	0.37
-600.0	0.37
-700.0	0.35
-800.0	0.36
-1000.0	0.37
-1250.0	0.35
-1500.0	0.34
-2000.0	0.34
1996-10-01 00:00:00	18	2
-5.0	0.03
-10.0	0.02
-20.0	0.02
-30.0	0.03
-40.0	0.02
-50.0	0.02
-70.0	0.06
-90.0	0.21
-110.0	0.23
-130.0	0.24
-150.0	0.28
-200.0	0.31
-700.0	0.31
-800.0	0.32
-1000.0	0.33
-1250.0	0.33
-1500.0	0.33
-2000.0	0.31
1995-09-14 00:00:00	21	2
-5.0	0.04
-10.0	0.03
-20.0	0.01
-40.0	0.04
-50.0	0.11
-70.0	0.24
-90.0	0.25
-110.0	0.28
-130.0	0.3
-150.0	0.28
-200.0	0.28
-300.0	0.33
-400.0	0.36
-500.0	0.38
-600.0	0.36
-700.0	0.35
-800.0	0.34
-1000.0	0.36
-1250.0	0.36
-1500.0	0.36
-2000.0	0.33
2001-08-29 00:00:00	20	2
-5.0	0.04
-10.0	0.05
-20.0	0.03
-30.0	0.05
-40.0	0.03
-70.0	0.19
-90.0	0.29
-110.0	0.31
-130.0	0.33
-150.0	0.35
-200.0	0.37
-300.0	0.38
-400.0	0.4
-500.0	0.4
-600.0	0.4
-700.0	0.39
-800.0	0.39
-1000.0	0.39
-1250.0	0.42
-2000.0	0.41
1991-11-07 00:00:00	27	2
-10.0	0.17
-20.0	0.14
-30.0	0.13
-40.0	0.12
-50.0	0.1
-60.0	0.12
-70.0	0.11
-80.0	0.14
-90.0	0.31
-400.0	0.53
-450.0	0.54
-500.0	0.53
-600.0	0.53
-700.0	0.53
-800.0	0.53
-900.0	0.55
-1000.0	0.53
-1100.0	0.54
-1200.0	0.53
-1300.0	0.52
-1400.0	0.51
-1500.0	0.51
-1600.0	0.5
-1700.0	0.49
-1800.0	0.47
-1900.0	0.47
-2000.0	0.47
1995-05-11 00:00:00	22	2
-5.0	0.02
-10.0	0.01
-20.0	0.02
-30.0	0.09
-40.0	0.22
-50.0	0.28
-70.0	0.31
-90.0	0.32
-100.0	0.33
-110.0	0.33
-130.0	0.35
-150.0	0.36
-200.0	0.38
-250.0	0.4
-300.0	0.4
-400.0	0.4
-500.0	0.41
-600.0	0.41
-800.0	0.41
-900.0	0.41
-1000.0	0.41
-1100.0	0.41
2001-04-26 00:00:00	19	2
-5.0	0.03
-10.0	0.03
-40.0	0.01
-50.0	0.04
-70.0	0.14
-90.0	0.19
-110.0	0.25
-130.0	0.26
-150.0	0.29
-200.0	0.32
-300.0	0.34
-400.0	0.33
-500.0	0.36
-600.0	0.31
-700.0	0.3
-800.0	0.3
-1000.0	0.33
-1250.0	0.35
-1500.0	0.28
2004-10-27 00:00:00	17	2
-5.0	0.02
-20.0	0.01
-70.0	0.01
-110.0	0.11
-130.0	0.2
-150.0	0.2
-200.0	0.23
-300.0	0.26
-400.0	0.3
-500.0	0.28
-600.0	0.28
-700.0	0.26
-800.0	0.26
-1000.0	0.25
-1250.0	0.26
-1500.0	0.28
-2000.0	0.23
1997-06-19 00:00:00	6	2
-70.0	0.12
-90.0	0.24
-110.0	0.24
-130.0	0.25
-150.0	0.32
-200.0	0.34
2002-05-18 00:00:00	12	2
-5.0	0.02
-10.0	0.02
-20.0	0.02
-30.0	0.03
-40.0	0.04
-50.0	0.1
-70.0	0.15
-90.0	0.21
-110.0	0.22
-130.0	0.24
-150.0	0.26
-200.0	0.29
1994-04-28 00:00:00	18	2
-40.0	0.02
-50.0	0.03
-70.0	0.03
-90.0	0.09
-110.0	0.22
-130.0	0.23
-150.0	0.25
-200.0	0.28
-300.0	0.3
-400.0	0.3
-500.0	0.32
-600.0	0.32
-700.0	0.34
-800.0	0.34
-1000.0	0.35
-1250.0	0.34
-1500.0	0.34
-2000.0	0.44
2000-04-14 00:00:00	21	2
-5.0	0.04
-10.0	0.04
-20.0	0.06
-30.0	0.09
-40.0	0.06
-50.0	0.07
-70.0	0.14
-90.0	0.15
-110.0	0.27
-130.0	0.3
-150.0	0.33
-200.0	0.3
-400.0	0.33
-500.0	0.33
-600.0	0.36
-700.0	0.38
-800.0	0.45
-1000.0	0.5
-1250.0	0.43
-1500.0	0.42
-2000.0	0.4
2004-06-29 00:00:00	17	2
-50.0	0.05
-70.0	0.09
-90.0	0.33
-110.0	0.3
-130.0	0.3
-150.0	0.31
-200.0	0.32
-300.0	0.38
-400.0	0.39
-500.0	0.35
-600.0	0.37
-700.0	0.34
-800.0	0.35
-1000.0	0.34
-1250.0	0.34
-1500.0	0.32
-2000.0	0.32
2006-12-12 00:00:00	22	2
-5.0	0.05
-10.0	0.06
-20.0	0.09
-30.0	0.22
-40.0	0.33
-50.0	0.36
-70.0	0.37
-90.0	0.37
-110.0	0.38
-130.0	0.39
-150.0	0.39
-200.0	0.39
-300.0	0.39
-400.0	0.4
-500.0	0.4
-600.0	0.39
-700.0	0.4
-800.0	0.42
-1000.0	0.39
-1250.0	0.38
-1500.0	0.39
-2000.0	0.37
2005-11-24 00:00:00	11	2
-5.0	0.01
-10.0	0.01
-20.0	0.01
-30.0	0.01
-40.0	0.03
-50.0	0.07
-70.0	0.21
-90.0	0.28
-110.0	0.31
-130.0	0.33
-150.0	0.34
2004-02-25 00:00:00	21	2
-10.0	0.15
-20.0	0.16
-30.0	0.16
-40.0	0.14
-50.0	0.14
-70.0	0.14
-90.0	0.18
-110.0	0.18
-130.0	0.19
-150.0	0.17
-200.0	0.17
-300.0	0.28
-400.0	0.34
-500.0	0.33
-600.0	0.34
-700.0	0.3
-800.0	0.33
-1000.0	0.29
-1250.0	0.35
-1500.0	0.29
-2000.0	0.35
1995-01-17 00:00:00	15	2
-5.0	0.15
-10.0	0.16
-20.0	0.16
-30.0	0.16
-40.0	0.16
-50.0	0.17
-70.0	0.17
-90.0	0.17
-110.0	0.23
-130.0	0.22
-150.0	0.23
-200.0	0.25
-300.0	0.39
-400.0	0.41
-500.0	0.43
1997-02-23 00:00:00	21	2
-5.0	0.22
-10.0	0.24
-20.0	0.23
-30.0	0.15
-40.0	0.11
-50.0	0.09
-70.0	0.13
-90.0	0.2
-110.0	0.23
-130.0	0.31
-150.0	0.35
-200.0	0.4
-400.0	0.39
-500.0	0.42
-600.0	0.38
-700.0	0.42
-800.0	0.38
-1000.0	0.38
-1250.0	0.42
-1500.0	0.44
-2000.0	0.47
2002-01-20 00:00:00	19	2
-5.0	0.22
-20.0	0.21
-30.0	0.2
-40.0	0.2
-50.0	0.22
-70.0	0.2
-90.0	0.23
-110.0	0.34
-130.0	0.31
-150.0	0.38
-200.0	0.39
-500.0	0.46
-600.0	0.43
-700.0	0.39
-800.0	0.38
-1000.0	0.41
-1250.0	0.46
-1500.0	0.38
-2000.0	0.41
2003-10-22 00:00:00	10	2
-5.0	0.01
-10.0	0.01
-20.0	0.01
-30.0	0.01
-40.0	0.01
-50.0	0.01
-110.0	0.1
-130.0	0.15
-150.0	0.14
-200.0	0.13
1991-07-18 00:00:00	35	2
-10.0	0.05
-20.0	0.1
-30.0	0.12
-40.0	0.12
-50.0	0.1
-60.0	0.15
-70.0	0.21
-80.0	0.27
-90.0	0.31
-100.0	0.22
-120.0	0.31
-140.0	0.34
-160.0	0.33
-180.0	0.34
-200.0	0.36
-250.0	0.36
-300.0	0.38
-350.0	0.36
-400.0	0.38
-450.0	0.38
-500.0	0.4
-600.0	0.42
-700.0	0.43
-800.0	0.42
-900.0	0.39
-1100.0	0.42
-1200.0	0.44
-1300.0	0.45
-1400.0	0.42
-1500.0	0.4
-1600.0	0.36
-1700.0	0.42
-1800.0	0.4
-1900.0	0.4
-2000.0	0.4
1992-03-30 00:00:00	34	2
-10.0	0.09
-20.0	0.05
-30.0	0.05
-40.0	0.05
-50.0	0.04
-60.0	0.08
-70.0	0.18
-80.0	0.21
-90.0	0.27
-100.0	0.24
-120.0	0.27
-140.0	0.3
-160.0	0.32
-180.0	0.33
-200.0	0.35
-250.0	0.36
-300.0	0.39
-350.0	0.4
-400.0	0.41
-500.0	0.4
-600.0	0.47
-700.0	0.44
-800.0	0.42
-900.0	0.44
-1000.0	0.38
-1100.0	0.41
-1300.0	0.32
-1400.0	0.4
-1500.0	0.41
-1600.0	0.33
-1700.0	0.39
-1800.0	0.38
-1900.0	0.41
-2000.0	0.4
1998-03-16 00:00:00	20	2
-5.0	0.05
-10.0	0.05
-20.0	0.07
-30.0	0.12
-40.0	0.15
-50.0	0.23
-70.0	0.17
-90.0	0.17
-110.0	0.25
-130.0	0.35
-150.0	0.36
-400.0	0.45
-500.0	0.42
-600.0	0.43
-700.0	0.43
-800.0	0.43
-1000.0	0.43
-1250.0	0.41
-1500.0	0.42
-2000.0	0.42
1998-07-22 00:00:00	22	2
-5.0	0.02
-10.0	0.02
-20.0	0.01
-30.0	0.01
-40.0	0.01
-50.0	0.06
-70.0	0.27
-90.0	0.3
-110.0	0.29
-130.0	0.34
-150.0	0.37
-200.0	0.33
-300.0	0.39
-400.0	0.38
-500.0	0.36
-600.0	0.35
-700.0	0.36
-800.0	0.37
-1000.0	0.39
-1250.0	0.36
-1500.0	0.36
-2000.0	0.37
1999-12-18 00:00:00	20	2
-5.0	0.06
-10.0	0.05
-20.0	0.05
-30.0	0.06
-40.0	0.05
-50.0	0.06
-70.0	0.08
-90.0	0.12
-110.0	0.25
-130.0	0.31
-150.0	0.33
-200.0	0.34
-300.0	0.39
-400.0	0.4
-700.0	0.39
-800.0	0.41
-1000.0	0.43
-1250.0	0.46
-1500.0	0.42
-2000.0	0.43
1995-10-05 00:00:00	12	2
-5.0	0.02
-10.0	0.03
-20.0	0.03
-30.0	0.02
-40.0	0.03
-50.0	0.14
-70.0	0.28
-90.0	0.3
-110.0	0.31
-130.0	0.33
-150.0	0.35
-200.0	0.36
1992-12-16 00:00:00	28	2
-10.0	0.3
-20.0	0.2
-30.0	0.19
-40.0	0.08
-50.0	0.07
-60.0	0.13
-70.0	0.21
-80.0	0.15
-100.0	0.3
-120.0	0.29
-140.0	0.23
-160.0	0.26
-180.0	0.36
-350.0	0.23
-400.0	0.32
-500.0	0.3
-600.0	0.47
-700.0	0.32
-800.0	0.41
-900.0	0.36
-1000.0	0.32
-1100.0	0.32
-1200.0	0.45
-1300.0	0.43
-1400.0	0.46
-1500.0	0.41
-1600.0	0.35
-1800.0	0.42
2003-02-15 00:00:00	21	2
-5.0	0.11
-10.0	0.11
-20.0	0.12
-30.0	0.12
-40.0	0.11
-50.0	0.12
-70.0	0.12
-90.0	0.11
-110.0	0.1
-130.0	0.1
-150.0	0.07
-200.0	0.15
-300.0	0.35
-400.0	0.31
-500.0	0.35
-600.0	0.31
-700.0	0.28
-800.0	0.28
-1000.0	0.27
-1250.0	0.3
-2000.0	0.33
