196
4.101590596813395e-05
4.502172054961326e-05
4.941876263375115e-05
5.424524141763431e-05
5.954309779597315e-05
6.535836881699771e-05
7.174158773290415e-05
7.874822312119029e-05
8.643916089273505e-05
9.488123337515126e-05
0.00010414780006901415
0.00011431938512359217
0.0001254843770715847
0.00013773979690338687
0.00015066787407680386
0.00016476153250827012
0.0001801735291004088
0.00019702718282780247
0.00021545734807373667
0.00023542981052222187
0.0002562035080576003
0.0002788102211670649
0.0003034116902480158
0.00032948921040291496
0.0003564260069731875
0.0003855649727998706
0.00041593652546596143
0.00044724907726247
0.0004807346490224212
0.0005147036612707605
0.0005509484618890851
0.0005878815615020776
0.0006268359866836046
0.0006672017813093881
0.0007093975909869458
0.0007537909378305417
0.0008005821998584203
0.0008506628491761073
0.0009046442419617021
0.000962802427588415
0.0010251948321898627
0.001091708485458612
0.0011620382276134528
0.0012356542663785127
0.0013117705298593082
0.001388612983506835
0.0014648113696363006
0.0015381602017171048
0.0016048873983994234
0.0016630837434469573
0.0017141908937286685
0.0017596033378306745
0.0018010370710609647
0.0018399427437996738
0.0018782107052176856
0.001918235556264127
0.001962734742705338
0.002014761127374702
0.002077062314420243
0.002146638683098962
0.0022226389229715177
0.00230584776147567
0.0023968224823033737
0.0024963153900536394
0.002605536875015103
0.0027252394722236386
0.0028570046735871594
0.0030020550489870857
0.003162080409072593
0.0033390108034973883
0.0035351094862962978
0.0037531406013871305
0.003996057257271456
0.004275281495658139
0.00462788553845408
0.005071667640161379
0.005625773882559112
0.00631422413406773
0.00716785904873625
0.008222503985763468
0.009518472327001239
0.011093790932669764
0.012968985085768764
0.015115027617908824
0.017395520008417393
0.019481997740475144
0.02085064671974838
0.021945687900795905
0.023005497902373714
0.023996094100040208
0.02487711936761129
0.025602883054909518
0.026124532878941228
0.026393387233395224
0.02647122731645335
0.026535517794602632
0.026590136090371936
0.026634789991691186
0.0266691971833639
0.026693086843596166
0.02670620781031599
0.026693151013227202
0.02643960634553258
0.02591181157293949
0.025163006631451025
0.024249719255581836
0.023226056984428305
0.022140236677119403
0.021032484996265383
0.01978852150811382
0.017831491797424496
0.015549004556764265
0.013327291590389416
0.011362471699104933
0.009712836870408345
0.008364631172679275
0.007277067481665778
0.0064037960951748565
0.00570323207854654
0.005141540003266382
0.004690882898908107
0.004330651799664506
0.004043222654822231
0.00379604318578305
0.003574109581373895
0.0033742481997406687
0.003193889633741277
0.0030307239428370245
0.0028828805274081328
0.002748688038684871
0.0026266508613875055
0.0025154282713128833
0.0024141089022298857
0.002321495628897449
0.002237028808405371
0.002159739031088282
0.002089025553455777
0.0020250967891027832
0.001971431056865122
0.0019258391031165706
0.0018851066645369288
0.0018465268553494285
0.0018077983275069033
0.0017669833816150542
0.0017225127108267415
0.0016726243959714953
0.0016160707874554937
0.001551251763214114
0.001478996638664764
0.0014035215305548295
0.0013263045181183934
0.0012500029690736144
0.0011757187748975097
0.001104429475674697
0.0010369429204087537
0.0009735945063466974
0.0009145341444660957
0.0008597540976461032
0.0008090081259820409
0.0007617216489968715
0.0007169332438506985
0.0006742905339601624
0.0006337012130340667
0.0005945312397554065
0.0005569600917702494
0.0005210846625346456
0.0004862060884483231
0.0004532632265703521
0.00042114206062328076
0.0003908168210793583
0.00036190516527935746
0.0003338919582712323
0.000308047108728447
0.00028350142255186966
0.0002601908473232467
0.00023879695707135763
0.00021916215459991353
0.0002005542790393723
0.00018325810312430556
0.00016745358175142307
0.00015301207184470502
0.00013981602474746787
0.00012775802941890883
0.00011636320643191937
0.00010595347969666841
9.647499586907255e-05
8.784444696469446e-05
7.998597764134355e-05
7.283051849381977e-05
6.631517899129193e-05
6.03826947218538e-05
5.4980924086046946e-05
5.006239001555365e-05
4.558386268929947e-05
4.150597957931745e-05
3.7792899486834916e-05
