1	2438	2437.95	2437.9
2	2437.9	2437.85	2437.79
3	2437.79	2437.73	2437.67
4	2437.67	2437.6	2437.54
5	2437.54	2437.46	2437.39
6	2437.39	2437.31	2437.23
7	2437.23	2437.15	2437.06
8	2437.06	2436.96	2436.87
9	2436.87	2436.76	2436.66
10	2436.66	2436.54	2436.42
11	2436.42	2436.3	2436.17
12	2436.17	2436.03	2435.89
13	2435.89	2435.74	2435.59
14	2435.59	2435.42	2435.25
15	2435.25	2435.07	2434.88
16	2434.88	2434.68	2434.48
17	2434.48	2434.26	2434.04
18	2434.04	2433.8	2433.56
19	2433.56	2433.3	2433.04
20	2433.04	2432.75	2432.46
21	2432.46	2432.15	2431.84
22	2431.84	2431.5	2431.16
23	2431.16	2430.79	2430.42
24	2430.42	2430.02	2429.61
25	2429.61	2429.18	2428.75
26	2428.75	2428.28	2427.81
27	2427.81	2427.3	2426.79
28	2426.79	2426.25	2425.7
29	2425.7	2425.11	2424.53
30	2424.53	2423.9	2423.27
31	2423.27	2422.6	2421.93
32	2421.93	2421.21	2420.5
33	2420.5	2419.73	2418.97
34	2418.97	2418.16	2417.34
35	2417.34	2416.48	2415.61
36	2415.61	2414.69	2413.78
37	2413.78	2412.8	2411.82
38	2411.82	2410.79	2409.75
39	2409.75	2408.65	2407.54
40	2407.54	2406.37	2405.2
41	2405.2	2403.95	2402.7
42	2402.7	2401.37	2400.04
43	2400.04	2398.62	2397.2
44	2397.2	2395.7	2394.19
45	2394.19	2392.59	2390.99
46	2390.99	2389.3	2387.61
47	2387.61	2385.82	2384.04
48	2384.04	2382.16	2380.29
49	2380.29	2378.33	2376.37
50	2376.37	2374.35	2372.32
51	2372.32	2370.23	2368.14
52	2368.14	2365.99	2363.85
53	2363.85	2361.65	2359.46
54	2359.46	2357.22	2354.97
55	2354.97	2352.68	2350.39
56	2350.39	2348.06	2345.72
57	2345.72	2343.32	2340.93
58	2340.93	2338.48	2336.02
59	2336.02	2333.49	2330.96
60	2330.96	2328.34	2325.72
61	2325.72	2323.01	2320.3
62	2320.3	2317.49	2314.68
63	2314.68	2311.76	2308.84
64	2308.84	2305.8	2302.75
65	2302.75	2299.58	2296.4
66	2296.4	2293.08	2289.76
67	2289.76	2286.27	2282.79
68	2282.79	2279.13	2275.47
69	2275.47	2271.62	2267.76
70	2267.76	2263.69	2259.62
71	2259.62	2255.31	2251
72	2251	2246.43	2241.85
73	2241.85	2236.98	2232.11
74	2232.11	2226.9	2221.69
75	2221.69	2216.05	2210.4
76	2210.4	2204.22	2198.04
77	2198.04	2191.18	2184.32
78	2184.32	2176.63	2168.93
79	2168.93	2160.19	2151.46
80	2151.46	2141.43	2131.41
81	2131.41	2119.81	2108.2
82	2108.2	2094.68	2081.16
83	2081.16	2065.35	2049.54
84	2049.54	2031.11	2012.69
85	2012.69	1991.48	1970.28
86	1970.28	1946.53	1922.78
87	1922.78	1897.36	1871.95
88	1871.95	1845.19	1818.44
89	1818.44	1790.4	1762.35
90	1762.35	1733.1	1703.85
91	1703.85	1673.53	1643.2
92	1643.2	1611.99	1580.78
93	1580.78	1548.94	1517.09
94	1517.09	1484.92	1452.74
95	1452.74	1420.47	1388.21
96	1388.21	1355.86	1323.51
97	1323.51	1291.1	1258.69
98	1258.69	1226.22	1193.75
99	1193.75	1161.24	1128.73
100	1128.73	1096.19	1063.65
101	1063.65	1031.1	998.54
102	998.54	966	933.47
103	933.47	901.24	869.01
104	869.01	837.42	805.83
105	805.83	775.16	744.49
106	744.49	714.93	685.36
107	685.36	657.05	628.74
108	628.74	601.75	574.76
109	574.76	549.12	523.48
110	523.48	499.36	475.24
111	475.24	453.5	431.77
112	431.77	412.81	393.86
113	393.86	377.61	361.37
114	361.37	347.52	333.66
115	333.66	321.82	309.98
116	309.98	299.79	289.59
117	289.59	280.72	271.85
118	271.85	264.04	256.24
119	256.24	249.29	242.33
120	242.33	236.07	229.8
121	229.8	224.08	218.36
122	218.36	213.08	207.8
123	207.8	202.88	197.95
124	197.95	193.32	188.69
125	188.69	184.33	179.98
126	179.98	175.86	171.75
127	171.75	167.86	163.96
128	163.96	160.27	156.58
129	156.58	153.06	149.55
130	149.55	146.2	142.85
131	142.85	139.64	136.44
132	136.44	133.38	130.31
133	130.31	127.37	124.42
134	124.42	121.59	118.76
135	118.76	116.04	113.31
136	113.31	110.68	108.05
137	108.05	105.5	102.95
138	102.95	100.48	98.01
139	98.01	95.61	93.21
140	93.21	90.86	88.51
141	88.51	86.22	83.92
142	83.92	81.67	79.42
143	79.42	77.21	75.01
144	75.01	72.85	70.7
145	70.7	68.6	66.5
146	66.5	64.46	62.42
147	62.42	60.45	58.48
148	58.48	56.59	54.7
149	54.7	52.9	51.1
150	51.1	49.38	47.67
151	47.67	46.06	44.44
152	44.44	42.92	41.39
153	41.39	39.96	38.53
154	38.53	37.18	35.83
155	35.83	34.57	33.31
156	33.31	32.12	30.93
157	30.93	29.82	28.7
158	28.7	27.65	26.61
159	26.61	25.62	24.63
160	24.63	23.71	22.78
161	22.78	21.9	21.03
162	21.03	20.21	19.38
163	19.38	18.61	17.84
164	17.84	17.12	16.39
165	16.39	15.71	15.03
166	15.03	14.4	13.76
167	13.76	13.17	12.58
168	12.58	12.02	11.47
169	11.47	10.96	10.44
170	10.44	9.97	9.49
171	9.49	9.05	8.61
172	8.61	8.2	7.8
173	7.8	7.42	7.04
174	7.04	6.7	6.35
175	6.35	6.04	5.72
176	5.72	5.43	5.14
177	5.14	4.87	4.6
178	4.6	4.36	4.11
179	4.11	3.89	3.67
180	3.67	3.46	3.26
181	3.26	3.07	2.89
182	2.89	2.72	2.54
183	2.54	2.39	2.23
184	2.23	2.09	1.95
185	1.95	1.82	1.69
186	1.69	1.57	1.46
187	1.46	1.35	1.24
188	1.24	1.14	1.05
189	1.05	0.96	0.87
190	0.87	0.79	0.71
191	0.71	0.63	0.56
192	0.56	0.49	0.43
193	0.43	0.37	0.3
194	0.3	0.25	0.19
195	0.19	0.14	0.09
196	0.09	0.05	0
